1 0.13264583 0.23616204 0.09326042 0.20767593
1 0.06736458 0.43468056 0.09228125 0.24869444
1 0.03638281 0.69646296 0.07276563 0.26962963
1 0.14550781 0.72123148 0.14602604 0.3105
1 0.18109375 0.41981481 0.13620833 0.25596296
1 0.24429167 0.20419444 0.12516667 0.21746296
1 0.4091276 0.17149074 0.15297396 0.22324074
1 0.3723151 0.402 0.18324479 0.27996296
1 0.37067969 0.74667593 0.22578646 0.37012963
1 0.65556771 0.72559259 0.22210417 0.35994444
1 0.87623958 0.73722685 0.14397917 0.31776852
1 0.97534115 0.72377315 0.04931771 0.27050926
1 0.94782031 0.46126852 0.09734896 0.24433333
1 0.81755469 0.41727778 0.14114062 0.28140741
1 0.60157552 0.39291204 0.18938021 0.28941667
1 0.58521615 0.16567593 0.15093229 0.20142593
1 0.7653125 0.20254167 0.1239375 0.22106481