1 0.08513281 0.59428241 0.11603646 0.28167593
1 0.06999479 0.40537963 0.09541667 0.17487037
1 0.15392708 0.25511574 0.11014583 0.16125
1 0.1957474 0.36977778 0.14195313 0.22094444
1 0.22785417 0.57135648 0.16372917 0.29321296
1 0.32677083 0.81254167 0.21155208 0.37491667
1 0.53817708 0.76347685 0.23363542 0.37784259
1 0.73794792 0.8265463 0.19928125 0.34690741
1 0.87194531 0.63300926 0.13743229 0.2687963
1 0.8856901 0.4314537 0.11976563 0.20244444
1 0.71993229 0.53302315 0.18701042 0.28010185
1 0.53022656 0.43747222 0.20517187 0.27574074
1 0.35254167 0.40562037 0.1776875 0.29755556
1 0.3181849 0.20885185 0.14430729 0.17277778
1 0.48015885 0.22630556 0.16590104 0.21988889
1 0.59535938 0.18014352 0.14773958 0.22163889
1 0.69171094 0.30309259 0.16099479 0.24433333
1 0.80215104 0.26906019 0.12270833 0.24258333