1 0.03682292 0.71836111 0.07364583 0.25968519
1 0.07223438 0.42244444 0.09365625 0.25025926
1 0.17413281 0.2051713 0.10660937 0.17800926
1 0.18296615 0.40674074 0.13488021 0.27538889
1 0.1455651 0.69364815 0.14253646 0.31727778
1 0.33286979 0.82509722 0.22617708 0.34980556
1 0.32373698 0.49888889 0.18435937 0.29214815
1 0.29458333 0.22139815 0.13664583 0.22722222
1 0.46834375 0.19467593 0.15904167 0.2325
1 0.52900781 0.37951389 0.19436979 0.26700926
1 0.57760156 0.81881481 0.24090104 0.36237037
1 0.70741667 0.52987963 0.18847917 0.28690741
1 0.87681771 0.55596759 0.13134375 0.28065741
1 0.95916927 0.73553241 0.08166146 0.28167593
1 0.91097656 0.3643287 0.10425521 0.22199074
1 0.7593099 0.31563889 0.15078646 0.24398148
1 0.64032812 0.16903241 0.14254167 0.22306481
1 0.79759375 0.19050926 0.12015625 0.18848148