1 0.02985938 0.71096759 0.05971875 0.24728704
1 0.11696875 0.76675926 0.14164583 0.32268519
1 0.30017448 0.82080093 0.21458854 0.35839815
1 0.56395573 0.82223611 0.24342188 0.35552778
1 0.77854167 0.78251852 0.18405208 0.35148148
1 0.92866667 0.78032407 0.10941667 0.29855556
1 0.98617448 0.693625 0.02765104 0.21863889
1 0.97090625 0.51343981 0.0581875 0.24426852
1 0.88540885 0.36340741 0.10941146 0.24275926
1 0.93672396 0.29856944 0.083125 0.19149074
1 0.79753385 0.17857407 0.11426563 0.20942593
1 0.63820833 0.16914815 0.13841667 0.21988889
1 0.46828125 0.20056481 0.1555 0.23246296
1 0.29746875 0.21679167 0.13782292 0.22723148
1 0.04200781 0.4092963 0.07986979 0.21235185
1 0.15497917 0.20274537 0.1035625 0.17539815
1 0.13042969 0.33320833 0.12122396 0.19025
1 0.13583854 0.53127778 0.13105208 0.27574074