1 0.04171354 0.57134722 0.08342708 0.23036111
1 0.0216849 0.76611111 0.04336979 0.25340741
1 0.0934375 0.83522222 0.13076042 0.32461111
1 0.25541406 0.84693056 0.19908854 0.30613889
1 0.50671354 0.85172222 0.25425 0.29655556
1 0.74403385 0.83946296 0.20664062 0.32107407
1 0.90797396 0.81600463 0.12221875 0.31413889
1 0.98677604 0.77874537 0.02644792 0.22862037
1 0.97619792 0.59175 0.04760417 0.25131481
1 0.95634375 0.41531019 0.0873125 0.23299074
1 0.90748177 0.25187037 0.09276563 0.20157407
1 0.79635417 0.22159259 0.1178125 0.22425926
1 0.6513125 0.17403241 0.14283333 0.22163889
1 0.48708594 0.16810648 0.15313021 0.22600926
1 0.33177865 0.18493981 0.14184896 0.22775
1 0.21613802 0.20125926 0.11093229 0.2102963
1 0.11330729 0.24881944 0.09375 0.19721296
1 0.04827083 0.3936713 0.08933333 0.20593519