1 0.14145833 0.26002315 0.10266667 0.22549074
1 0.09094271 0.47566204 0.10880208 0.26250926
1 0.05851562 0.77518519 0.11328125 0.29887037
1 0.2870651 0.82927315 0.20902604 0.3414537
1 0.32225 0.46584722 0.18692708 0.3039537
1 0.36057552 0.21962963 0.15297396 0.23342593
1 0.62554687 0.2157037 0.15461458 0.24287037
1 0.82871094 0.24471759 0.11575521 0.21960185
1 0.88270313 0.48904167 0.1239375 0.27923148
1 0.92904687 0.79125463 0.11861458 0.30467593
1 0.67013021 0.83509259 0.22823958 0.32981481
1 0.64783333 0.47202778 0.19347917 0.28287037