1 0.18919271 0.68058796 0.15609375 0.33771296
1 0.36735417 0.690625 0.219875 0.35430556
1 0.59123698 0.70178241 0.22283854 0.35165741
1 0.78511719 0.67386111 0.17473437 0.32198148
1 0.75689323 0.41426389 0.15952604 0.25828704
1 0.58509896 0.39855556 0.19191667 0.24781481
1 0.39490104 0.40597222 0.19044792 0.26264815
1 0.22605469 0.42080556 0.14921354 0.26962963
1 0.27881771 0.23756019 0.13890625 0.23123148
1 0.42361458 0.19960185 0.15559375 0.20418519
1 0.58431771 0.20326852 0.16295833 0.18935185
1 0.73083073 0.21548611 0.13596354 0.19284259