1 0.03609375 0.75082407 0.0721875 0.2802037
1 0.14498698 0.77156019 0.15267187 0.32167593
1 0.33858333 0.81824074 0.22546875 0.36351852
1 0.62314323 0.8166713 0.23677604 0.36665741
1 0.84790625 0.78537963 0.16327083 0.32922222
1 0.96561979 0.74768519 0.06876042 0.28524074
1 0.85322135 0.21482407 0.10175521 0.20372222
1 0.71213021 0.18443519 0.13311458 0.22094444
1 0.56193229 0.16454167 0.14725 0.22093519
1 0.39377083 0.15773611 0.143125 0.22199074
1 0.24210156 0.18590278 0.12722396 0.20628704
1 0.123125 0.23574074 0.09541667 0.2