1 0.05515365 0.41080093 0.08552604 0.22743519
1 0.15092448 0.36682407 0.12440104 0.26011111
1 0.12390885 0.22856944 0.09718229 0.17713889
1 0.2429375 0.17944907 0.12417708 0.18412037
1 0.28834375 0.35006019 0.15904167 0.26697222
1 0.39460677 0.1650463 0.14184896 0.22338889
1 0.49155208 0.33957407 0.18554167 0.29844444
1 0.67978125 0.33302315 0.17130208 0.26613889
1 0.8390599 0.35614815 0.12957813 0.26351852
1 0.85790625 0.2090463 0.10602083 0.17277778
1 0.71595833 0.17396759 0.13311458 0.18010185
1 0.56635156 0.17239352 0.15196354 0.22932407