1 0.0518724 0.71103241 0.10374479 0.28586111
1 0.14232552 0.49008796 0.12899479 0.2544537
1 0.20210937 0.7314537 0.17198958 0.33507407
1 0.41674219 0.78537963 0.23619271 0.38533333
1 0.68450521 0.79951389 0.22029167 0.37906481
1 0.88564844 0.74873148 0.14430729 0.31727778
1 0.97415885 0.6759537 0.05168229 0.27748148
1 0.96797656 0.46025 0.06404688 0.24398148
1 0.8871224 0.4675787 0.12016146 0.27434259
1 0.7510625 0.47438426 0.17198958 0.29213889
1 0.5248724 0.46023148 0.20848438 0.28268519
1 0.31284375 0.48118981 0.18377083 0.30156481