1 0.09084635 0.74806019 0.12638021 0.30910185
1 0.01620312 0.69453241 0.03240625 0.22617593
1 0.04419531 0.44297222 0.08834896 0.23455556
1 0.13178125 0.43093056 0.12310417 0.26282407
1 0.19539323 0.22464815 0.11956771 0.21885185
1 0.10144792 0.24558796 0.09070833 0.18743519
1 0.8086276 0.21984722 0.11191146 0.22250926
1 0.90282031 0.24628704 0.08834896 0.2007037
1 0.86821615 0.45047222 0.12713021 0.28272222
1 0.96 0.45614815 0.08 0.2452037
1 0.98233333 0.71443519 0.03533333 0.26090741
1 0.9034401 0.75489815 0.13702604 0.32140741