1 0.01989062 0.71291667 0.03978125 0.26387037
1 0.10398177 0.75427778 0.13782812 0.311
1 0.27626562 0.80663426 0.2055625 0.35915741
1 0.58932031 0.81718981 0.24738021 0.36562037
1 0.84642188 0.79092593 0.16551042 0.33822222
1 0.97872396 0.71815278 0.04255208 0.27015741
1 0.95883854 0.45705093 0.08232292 0.24432407
1 0.90254167 0.247625 0.08835417 0.20215741
1 0.8074401 0.22071759 0.11739063 0.21669444
1 0.1974401 0.22223148 0.11589062 0.21390741
1 0.10230469 0.25290278 0.08692187 0.19937963
1 0.04861979 0.43985185 0.08453125 0.2302963