1 0.03008594 0.67568519 0.06017187 0.26764815
1 0.05946354 0.42876852 0.09188542 0.2312037
1 0.11417188 0.23752778 0.09046875 0.20733333
1 0.18633073 0.3892037 0.13640104 0.2727037
1 0.12625781 0.71589352 0.14206771 0.3279537
1 0.30601042 0.74166204 0.21204167 0.36910185
1 0.35892188 0.35143519 0.17032292 0.28796296
1 0.38197917 0.14464815 0.141875 0.1867037
1 0.22894792 0.18756019 0.11878125 0.2085463
1 0.54593229 0.13415741 0.1438125 0.18324074
1 0.55157552 0.35972222 0.18848437 0.28883333
1 0.59010677 0.7314537 0.23118229 0.37085185
1 0.81108073 0.72115741 0.17277604 0.33333333
1 0.95248958 0.67909722 0.09502083 0.27662037
1 0.9039974 0.39244444 0.10503646 0.25305556
1 0.75920052 0.37106944 0.15314062 0.28184259
1 0.72754167 0.15815741 0.12319792 0.18935185
1 0.87503906 0.19524074 0.09129687 0.17975926