1 0.02171094 0.66789352 0.04342188 0.22365741
1 0.08476823 0.79040278 0.12510937 0.32041667
1 0.24203385 0.83394444 0.19931771 0.33211111
1 0.17736198 0.57742593 0.15196354 0.27392593
1 0.13177083 0.37260648 0.11167708 0.24376852
1 0.04695573 0.40841667 0.07916146 0.23498148
1 0.11275781 0.21616204 0.08764062 0.14199074
1 0.2293125 0.20171296 0.11591667 0.22366667
1 0.3837474 0.1696713 0.14065104 0.21737963
1 0.54666406 0.15648148 0.14701562 0.2312037
1 0.72902083 0.17218519 0.12439583 0.21738889
1 0.87321094 0.32674074 0.11732812 0.23748148
1 0.96169792 0.37762963 0.07660417 0.22114815
1 0.91101562 0.56046296 0.12088542 0.27518519
1 0.87851302 0.18789352 0.08976563 0.15330556
1 0.56080208 0.84148611 0.24738542 0.31702778
1 0.84317187 0.80799537 0.1646875 0.34052778
1 0.97229948 0.74328704 0.05540104 0.27140741