1 0.2413125 0.83738889 0.20016667 0.32522222
1 0.0258776 0.69672685 0.05175521 0.27225
1 0.15233073 0.56583333 0.14823438 0.29057407
1 0.12067187 0.37822222 0.11829167 0.2102963
1 0.11232552 0.231625 0.09080729 0.1544537
1 0.23110937 0.20675926 0.12221875 0.21640741
1 0.35651823 0.28311111 0.16197396 0.26962963
1 0.48413542 0.38869444 0.19535417 0.27312963
1 0.49346094 0.71897222 0.23756771 0.38394444
1 0.71782292 0.78398148 0.20615625 0.3787037
1 0.83091146 0.56888426 0.15461458 0.29319444
1 0.96247917 0.5907037 0.07504167 0.25218519
1 0.95901823 0.37255093 0.08196354 0.20419444
1 0.87263281 0.33285185 0.11632813 0.23996296
1 0.87852344 0.19148611 0.09571354 0.1544537
1 0.73151823 0.17272685 0.12761979 0.21639815
1 0.69495052 0.37648148 0.17326563 0.3027963
1 0.54667188 0.1592037 0.14853125 0.22512963