1 0.05298698 0.71614352 0.10597396 0.28775
1 0.24442708 0.78574074 0.18989583 0.36666667
1 0.09510417 0.43923611 0.1071875 0.25960185
1 0.15585677 0.22348148 0.10348437 0.20361111
1 0.34728125 0.1734537 0.1419375 0.21961111
1 0.29615365 0.41036574 0.16647396 0.29523148
1 0.61376562 0.79336574 0.23723958 0.38612037
1 0.93198958 0.76045833 0.12107292 0.30330556
1 0.88617969 0.42237037 0.11779687 0.25525926
1 0.82236979 0.20239815 0.11207292 0.21524074
1 0.59372396 0.16021759 0.14970833 0.19197222
1 0.60578906 0.39727778 0.18856771 0.31122222