1 0.02315104 0.61949074 0.04630208 0.25009259
1 0.06307031 0.38479167 0.08834896 0.20858333
1 0.0938151 0.54877315 0.11167187 0.2500463
1 0.14933594 0.80950463 0.15909896 0.33675
1 0.3589375 0.79693981 0.23748958 0.37947222
1 0.22796615 0.51740278 0.16394271 0.3010463
1 0.17299479 0.33677778 0.12565625 0.2102963
1 0.16013281 0.20064815 0.10503646 0.15794444
1 0.29143229 0.17490741 0.12810417 0.21290741
1 0.34665104 0.33153704 0.1708125 0.28185185
1 0.47942448 0.48468056 0.20566146 0.33682407
1 0.4553724 0.19061574 0.15265104 0.22687963