1 0.52958594 0.33153704 0.18209896 0.29057407
1 0.60046354 0.16190741 0.14136458 0.21116667
1 0.70947917 0.53311111 0.18357292 0.33594444
1 0.5852474 0.77534259 0.23952604 0.38394444
1 0.82404167 0.7770463 0.17032292 0.34040741
1 0.95364323 0.7268287 0.09271354 0.28882407
1 0.9634349 0.47211574 0.07313021 0.22949074
1 0.87385937 0.50440278 0.12958333 0.26963889
1 0.87017969 0.29628704 0.11142188 0.18324074
1 0.92858854 0.27665278 0.086875 0.18062037
1 0.74722396 0.30326389 0.15215625 0.23560185
1 0.74476823 0.13703241 0.12369271 0.1579537