1 0.06335156 0.46093981 0.10319271 0.24376852
1 0.03627083 0.74366204 0.07254167 0.26387963
1 0.11261979 0.24427778 0.09326042 0.2102963
1 0.31327344 0.18991667 0.13989062 0.22338889
1 0.27523438 0.45998611 0.16688542 0.32199074
1 0.21805208 0.81469907 0.18308333 0.36300926
1 0.73686719 0.80509722 0.20566146 0.37347222
1 0.69440885 0.42900926 0.17277604 0.30540741
1 0.64728906 0.181625 0.14528646 0.22076852
1 0.88814323 0.23861111 0.09031771 0.20942593
1 0.9471901 0.44602315 0.09129687 0.24171296
1 0.97359635 0.72438426 0.05280729 0.26963889