1 0.29889844 0.23946759 0.14480729 0.23912037
1 0.44099219 0.227875 0.16148438 0.22862037
1 0.59953125 0.20955093 0.15854167 0.19023148
1 0.74629167 0.24340741 0.13841667 0.226
1 0.78138802 0.45082407 0.16099479 0.29057407
1 0.81991667 0.72351389 0.167375 0.33856481
1 0.62309115 0.74881944 0.23020312 0.3804537
1 0.60566667 0.41312963 0.19584375 0.26875926
1 0.41104948 0.44122222 0.19780729 0.27487037
1 0.38626302 0.77325 0.22283854 0.3665
1 0.1928724 0.7112963 0.16492187 0.33857407
1 0.24097396 0.43468056 0.15805208 0.2879537