1 0.12317448 0.23519444 0.09407812 0.20433333
1 0.06079688 0.41880093 0.09203125 0.23997222
1 0.03131771 0.72493519 0.06263542 0.25887037
1 0.18203125 0.77518519 0.16402083 0.33959259
1 0.51989063 0.80451389 0.24501042 0.39097222
1 0.84016406 0.78136574 0.16320312 0.3330463
1 0.96926823 0.7348287 0.06146354 0.27341667
1 0.94855729 0.46868519 0.09448958 0.24724074
1 0.88965625 0.23853704 0.09203125 0.21305556
1 0.73651562 0.19483333 0.13047917 0.21524074
1 0.5072526 0.17919907 0.15379687 0.23197222
1 0.29557812 0.19483333 0.13457292 0.22542593