1 0.03142969 0.70999074 0.06285937 0.26638889
1 0.11723438 0.2419213 0.10366667 0.19476852
1 0.19616146 0.34056019 0.1360625 0.24187963
1 0.14403385 0.62590278 0.14135937 0.32250926
1 0.38228646 0.61522222 0.21557292 0.35498148
1 0.40702604 0.33998611 0.17964583 0.2679537
1 0.61641667 0.34297222 0.182 0.26492593
1 0.63438021 0.64103241 0.21616667 0.33812037
1 0.85172135 0.69061574 0.15314062 0.33402778
1 0.97548437 0.74469907 0.04903125 0.26900926
1 0.81225781 0.33113426 0.13370313 0.25863889
1 0.88677083 0.23899074 0.09188542 0.20627778