1 0.14329948 0.368625 0.11240104 0.25828704
1 0.26704167 0.33413889 0.15216667 0.24087037
1 0.42135677 0.29838426 0.17572396 0.23647222
1 0.60326302 0.3057963 0.17768229 0.23124074
1 0.76204688 0.31932407 0.1506875 0.25305556
1 0.87960156 0.33721296 0.11191146 0.25218519
1 0.09534375 0.58572685 0.12123958 0.28097222
1 0.22738021 0.56609722 0.167375 0.33071296
1 0.41522135 0.57717593 0.22039062 0.34903704
1 0.61710156 0.56347685 0.20566146 0.32025
1 0.79390365 0.55361574 0.16590104 0.32112037
1 0.92191406 0.55126389 0.11142188 0.29232407