1 0.03652865 0.46652778 0.07305729 0.23874074
1 0.11192969 0.45450463 0.11426563 0.27326852
1 0.24298698 0.44872685 0.16197396 0.29319444
1 0.37816406 0.80813426 0.23206771 0.38373148
1 0.64822135 0.79899074 0.22911979 0.3822037
1 0.77750781 0.43668519 0.15549479 0.29214815
1 0.91003385 0.48956944 0.10955729 0.27434259
1 0.97415885 0.48066667 0.05168229 0.2397963
1 0.61435417 0.46025 0.19908333 0.27853704
1 0.41291406 0.45448611 0.19908854 0.30471296
1 0.43853646 0.20946296 0.16080208 0.22931481
1 0.59963021 0.21888426 0.15903125 0.23978704