0 0.88082031 0.26253241 0.08057813 0.17234259
0 0.07053125 0.44505093 0.10839583 0.24213889
0 0.13352083 0.24144444 0.11657292 0.1897963
0 0.04170833 0.693375 0.08341667 0.27341667
0 0.18861719 0.44512037 0.15133854 0.29377778
0 0.25316146 0.21454167 0.14234375 0.20578704
0 0.16980208 0.76580556 0.16197917 0.35194444
0 0.38904167 0.80363889 0.22660417 0.39272222
0 0.37178125 0.44905093 0.18569792 0.3199537
0 0.40642708 0.21133796 0.15502083 0.21015741
0 0.59233333 0.19388889 0.15461458 0.17961111
0 0.6035 0.44687037 0.17465625 0.32140741
0 0.66404427 0.79760648 0.20735937 0.40478704
0 0.8745651 0.76325926 0.12352604 0.36722222
0 0.9711901 0.73737037 0.05761979 0.30177778
0 0.94135677 0.45922685 0.07730729 0.23850926
0 0.80842448 0.45777778 0.12639063 0.28796296
0 0.75933854 0.23599074 0.11657292 0.19051852