2 0.04013281 0.7232963 0.08026563 0.26653704
2 0.06541927 0.4835787 0.09686979 0.21808333
2 0.13269271 0.26359259 0.10660417 0.17914815
2 0.26217969 0.22681481 0.14263021 0.17827778
2 0.20220833 0.45631944 0.15236458 0.2639537
2 0.1653099 0.76422685 0.16404688 0.33750926
2 0.37292708 0.81158333 0.24144792 0.37683333
2 0.39896875 0.46133796 0.2049375 0.29076852
2 0.44034635 0.21902778 0.16599479 0.19038889
2 0.60950521 0.19133333 0.16161458 0.17135185
2 0.6211901 0.4284537 0.19860937 0.26827778
2 0.6328724 0.80163426 0.23657813 0.39673148
2 0.86020313 0.78543519 0.15771875 0.3452963
2 0.96977604 0.7075463 0.06044792 0.25875926
2 0.81541927 0.45571296 0.14993229 0.26048148
2 0.93945052 0.45718519 0.09735938 0.21722222
2 0.88325781 0.26341667 0.10276562 0.17007407
2 0.7726849 0.22802315 0.13453646 0.1610463