0 0.78191927 0.79287963 0.14806771 0.41424074
0 0.04520573 0.68364815 0.09041146 0.22755556
0 0.07130729 0.47930093 0.11534375 0.18412037
0 0.21325781 0.43074074 0.18111979 0.24353704
0 0.23811198 0.22697222 0.11698438 0.22105556
0 0.12930729 0.27707407 0.087125 0.1737963
0 0.37881771 0.231625 0.17302083 0.21378704
0 0.38658854 0.49922685 0.16565625 0.36358333
0 0.13789844 0.78318056 0.15420312 0.33376852
0 0.36163802 0.84354167 0.27936979 0.3119537
0 0.59335677 0.76100463 0.23069271 0.41012037
0 0.95125781 0.73300926 0.08180729 0.33668519
0 0.92732813 0.44906019 0.11903125 0.23849074
0 0.8933776 0.25969907 0.08180729 0.19197222
0 0.76760156 0.23853704 0.16360937 0.1607037
0 0.79950781 0.44214352 0.16606771 0.22178704
0 0.60133073 0.43014352 0.23682813 0.22397222
0 0.582625 0.22457407 0.17989583 0.19314815