2 0.06709896 0.78161111 0.10602083 0.30031481
2 0.11232552 0.50016667 0.12014063 0.23996296
2 0.17064583 0.26133796 0.12934375 0.18734259
2 0.41343229 0.21798611 0.16821875 0.19112037
2 0.36296615 0.48631944 0.20073438 0.29528704
2 0.32720312 0.8295463 0.23183333 0.34090741
2 0.69898437 0.832 0.22759375 0.336
2 0.66965104 0.50008333 0.20427083 0.29792593
2 0.64986198 0.22621759 0.16185937 0.18973148
2 0.84635156 0.25763426 0.11945313 0.17717593
2 0.89653646 0.49386111 0.12510417 0.24
2 0.93434635 0.77846759 0.11733854 0.30408333