0 0.95570573 0.441125 0.08858854 0.24541667
0 0.9136276 0.50717593 0.11759896 0.28783333
0 0.96746615 0.7619537 0.06506771 0.2872963
0 0.38425781 0.19535185 0.17210938 0.18311111
0 0.8475 0.75138426 0.18917708 0.26117593
0 0.67809375 0.79343056 0.17690625 0.41313889
0 0.49539063 0.79494444 0.20417708 0.41011111
0 0.27434635 0.8137963 0.22428646 0.3557037
0 0.10851562 0.76498148 0.11964583 0.3587963
0 0.04326562 0.68075463 0.08653125 0.23275
0 0.60327344 0.16510185 0.18133854 0.13937037
0 0.52010417 0.26963426 0.21201042 0.17269444
0 0.76927083 0.23630556 0.16565625 0.16422222
0 0.88771875 0.24175926 0.1216875 0.17390741
0 0.05976302 0.48320833 0.09984896 0.17458333
0 0.17754167 0.41776389 0.14384375 0.28365741
0 0.22832812 0.21749074 0.1404375 0.20305556
0 0.12197917 0.27808796 0.07703125 0.1824537