0 0.34195573 0.46018981 0.21400521 0.29058333
0 0.64382031 0.45189815 0.19044271 0.28098148
0 0.83573698 0.23593056 0.10013021 0.16841667
0 0.88727604 0.45102778 0.11092708 0.23037037
0 0.90813802 0.76996296 0.12418229 0.33246296
0 0.65044531 0.80361111 0.23020313 0.39277778
0 0.30445573 0.79081481 0.21940104 0.3917963
0 0.08917448 0.76036574 0.13448437 0.29232407
0 0.10125 0.48235648 0.13105208 0.26352778
0 0.63107031 0.20498148 0.15629688 0.17281481
0 0.38359375 0.20773148 0.1621875 0.20418519
0 0.18199219 0.23872222 0.13665104 0.20524074