0 0.30013802 0.82202315 0.21842188 0.3559537
0 0.05288281 0.78134259 0.10390104 0.26261111
0 0.09409115 0.50376852 0.09400521 0.24
0 0.14811458 0.26552315 0.09814583 0.16141667
0 0.36370833 0.23269444 0.16591667 0.17887037
0 0.616 0.22661574 0.17966667 0.19287963
0 0.82385937 0.25408333 0.14283333 0.20244444
0 0.88030469 0.47572685 0.14872396 0.23560185
0 0.635625 0.49797685 0.23658333 0.28534259
0 0.34357552 0.48881019 0.21105729 0.26526852
0 0.65108594 0.82769444 0.23315104 0.34461111
0 0.91270052 0.80552315 0.12908854 0.31597222