2 0.12135677 0.79501389 0.14135937 0.32775
2 0.28224479 0.65255093 0.20280208 0.33602778
2 0.45890625 0.82960185 0.2576875 0.3407963
2 0.45188802 0.39157407 0.19780729 0.26962963
2 0.64601302 0.23887037 0.16786979 0.18761111
2 0.63865104 0.54602315 0.21498958 0.30802778
2 0.7839401 0.82296759 0.19731771 0.35406481
2 0.8914349 0.61801389 0.13252604 0.27749074
2 0.97590365 0.72403704 0.04819271 0.25218519
2 0.79341146 0.38389815 0.15215625 0.23298148
2 0.88372396 0.27569444 0.10602083 0.17888889
2 0.95234375 0.47665278 0.0953125 0.21989815