0 0.74702865 0.29162037 0.11902604 0.25305556
0 0.41305469 0.30175926 0.13579687 0.27785185
0 0.60509375 0.28689352 0.13947917 0.25813889
0 0.2561901 0.30721759 0.12556771 0.26112037
0 0.86871354 0.31816204 0.09980208 0.23632407
0 0.92597917 0.61630093 0.09735417 0.3279537
0 0.7986901 0.63637037 0.13866146 0.39266667
0 0.61122917 0.66462037 0.16811458 0.44218519
0 0.3801276 0.68680093 0.16974479 0.44582407
0 0.1848125 0.67698148 0.13170833 0.39564815
0 0.07314844 0.63807407 0.09325521 0.33238889
0 0.14076042 0.31787037 0.10389583 0.25014815