2 0.02392448 0.7553287 0.04784896 0.25130556
2 0.07064062 0.44856481 0.09816667 0.21087037
2 0.11716927 0.26283333 0.10259896 0.16664815
2 0.23766146 0.25071296 0.13838542 0.18724074
2 0.11205208 0.60096759 0.12782292 0.27208333
2 0.15057292 0.84914352 0.16463542 0.30171296
2 0.32628385 0.73549537 0.22292188 0.37267593
2 0.27004167 0.44923148 0.17929167 0.25572222
2 0.43211979 0.24956481 0.17213542 0.19814815
2 0.49927083 0.50916204 0.21644792 0.30299074
2 0.64464844 0.35343056 0.18338021 0.24117593
2 0.75491667 0.22714352 0.14145833 0.1775463