0 0.76940104 0.81775926 0.23273958 0.27566667
0 0.0470651 0.73380556 0.09413021 0.21814815
0 0.19900781 0.80576389 0.20860937 0.27334259
0 0.49657813 0.84327315 0.29409375 0.3134537
0 0.94014583 0.76471296 0.11970833 0.21887037
0 0.93628646 0.46839352 0.08630208 0.27341667
0 0.8667526 0.24587963 0.12475521 0.14398148
0 0.71336458 0.19821296 0.17138542 0.15190741
0 0.52233594 0.18806944 0.19345312 0.15052778
0 0.31394531 0.21057407 0.17260938 0.1535
0 0.15134635 0.23275463 0.11904687 0.13969444
0 0.0675026 0.45672222 0.08467187 0.27203704