0 0.36802083 0.51769444 0.23658333 0.24868519
0 0.15730208 0.83410185 0.18896875 0.26788889
0 0.57157031 0.79479167 0.25179688 0.38315741
0 0.69540885 0.47581019 0.20320313 0.29756481
0 0.93407812 0.69054167 0.11984375 0.29013889
0 0.86352865 0.38484259 0.11658854 0.2007037
0 0.75925781 0.23934722 0.10935938 0.22067593
0 0.56289323 0.24474537 0.14656771 0.22421296
0 0.16392969 0.50290741 0.12565104 0.3212037
0 0.37367188 0.24807407 0.16640625 0.18588889
0 0.19411719 0.23850463 0.14479687 0.18856481
0 0.0676276 0.45356019 0.08639062 0.26352778