2 0.03544271 0.73818519 0.07088542 0.26785185
2 0.1716849 0.68650463 0.16770313 0.31421296
2 0.1289401 0.24693519 0.10184896 0.17531481
2 0.21475521 0.28616667 0.13947917 0.19633333
2 0.3769349 0.31961574 0.18160937 0.22687963
2 0.3521875 0.58321296 0.20983333 0.32940741
2 0.59597135 0.31634259 0.18447396 0.22324074
2 0.64575 0.58546296 0.21433333 0.32431481
2 0.86327604 0.61884722 0.14725 0.2930463
2 0.97605729 0.72289815 0.04788542 0.25014815
2 0.880125 0.25751389 0.10553125 0.17452778
2 0.79300521 0.31459722 0.14397917 0.21160185