2 0.20648177 0.8169213 0.18589062 0.36615741
2 0.19128385 0.50127315 0.15973438 0.26262037
2 0.2455 0.27586574 0.14861458 0.18906481
2 0.38385417 0.31725 0.18065625 0.22844444
2 0.54341146 0.21890278 0.17315625 0.17936111
2 0.68807292 0.18514815 0.14759375 0.16907407
2 0.82905729 0.3097963 0.13021875 0.20966667
2 0.71926302 0.39178704 0.17520313 0.24662963
2 0.54252604 0.45056481 0.20621875 0.28177778
2 0.69492448 0.69331944 0.21242188 0.35643519
2 0.48880729 0.83119907 0.256875 0.33760185
2 0.35116667 0.57993981 0.20942708 0.32723148