0 0.42745052 0.51493056 0.24909896 0.25232407
0 0.29676823 0.77049537 0.24132813 0.32875
0 0.55813802 0.78176389 0.26750521 0.35275
0 0.63834635 0.47639352 0.21965104 0.29523148
0 0.82482552 0.57819444 0.16770313 0.31777778
0 0.82134896 0.3480463 0.12230208 0.20796296
0 0.68763542 0.26698148 0.13007292 0.22248148
0 0.55589062 0.24365278 0.14603125 0.22915741
0 0.23377604 0.29783333 0.15461458 0.23131481
0 0.1223151 0.57088889 0.12066146 0.3382037
0 0.24379688 0.49853241 0.14765625 0.34475
0 0.39865365 0.25969444 0.17547396 0.19342593