2 0.03458333 0.72408796 0.06916667 0.25873148
2 0.05504948 0.46791204 0.08859896 0.21202778
2 0.12660677 0.28263426 0.10806771 0.17567593
2 0.13561458 0.51681481 0.13679167 0.26481481
2 0.28797917 0.2285463 0.14555208 0.17653704
2 0.30185417 0.42897222 0.18108333 0.26222222
2 0.16774219 0.7829213 0.16015104 0.34356481
2 0.36416146 0.82461111 0.23560417 0.35077778
2 0.56423437 0.51811111 0.21905208 0.30375926
2 0.47222917 0.30253704 0.18497917 0.21894444
2 0.60658333 0.1914213 0.1635625 0.17308333
2 0.75213542 0.19963889 0.13630208 0.17222222
2 0.71903385 0.36146759 0.16940104 0.23799074
2 0.87577865 0.28358333 0.11196354 0.17394444
2 0.86555729 0.51715741 0.14019792 0.26568519
2 0.95809115 0.48989815 0.08381771 0.21981481
2 0.92007812 0.781625 0.11975 0.30982407
2 0.74021875 0.73099074 0.20491667 0.35912963