2 0.02914062 0.74730556 0.05828125 0.25235185
2 0.04729167 0.46568981 0.08986458 0.21184259
2 0.10109635 0.57707407 0.12141146 0.26442593
2 0.11983073 0.28509722 0.10479687 0.17628704
2 0.20546875 0.37599537 0.14873958 0.22386111
2 0.23716146 0.19269444 0.12986458 0.17177778
2 0.44817448 0.22699074 0.16794271 0.19190741
2 0.60666667 0.18031944 0.16226042 0.17491667
2 0.72650521 0.33084259 0.16260417 0.22475926
2 0.77011458 0.19742593 0.1315 0.17307407
2 0.88927604 0.29298148 0.10614583 0.17909259
2 0.95866667 0.4892037 0.08266667 0.22055556
2 0.86263802 0.49000463 0.13859896 0.25906481
2 0.97475781 0.74449537 0.05048438 0.25721296
2 0.8810026 0.80223611 0.14367188 0.3370463
2 0.6975651 0.77984722 0.22976563 0.38173148
2 0.16672135 0.80455556 0.16404687 0.34616667
2 0.36703646 0.8260787 0.24144792 0.34784259