0 0.40217448 0.45428241 0.18447396 0.3039537
0 0.07572656 0.45057407 0.07771354 0.23196296
0 0.04289323 0.72043056 0.08578646 0.28213889
0 0.16861719 0.73860648 0.15502604 0.34467593
0 0.1972474 0.42956019 0.12475521 0.25450926
0 0.1371224 0.24813426 0.08384896 0.16362037
0 0.25058594 0.20988889 0.10839062 0.17961111
0 0.40908854 0.20297685 0.13170833 0.21087963
0 0.37272135 0.79440741 0.21882813 0.40827778
0 0.61139323 0.79076852 0.22332812 0.41846296
0 0.81590885 0.75824537 0.17506771 0.36649074
0 0.61057552 0.44119907 0.19797396 0.30976852
0 0.57928385 0.18559722 0.15339063 0.19706481
0 0.74023958 0.20668519 0.14070833 0.2057963
0 0.78277604 0.42919907 0.16688542 0.2930463
0 0.93096354 0.49031944 0.11759375 0.25702778
0 0.95301302 0.73452778 0.09397396 0.29692593
0 0.88096875 0.26748611 0.11440625 0.21215741