0 0.2105026 0.46087963 0.18133854 0.1927037
0 0.25230729 0.29247685 0.16978125 0.15876852
0 0.40816406 0.68969444 0.27098437 0.28783333
0 0.42626562 0.44875926 0.23996875 0.223
0 0.44156771 0.26612037 0.20758333 0.16422222
0 0.64202865 0.24394444 0.19633854 0.15877778
0 0.65972135 0.44579167 0.22667188 0.21330556
0 0.67897917 0.69696759 0.26314583 0.2890463
0 0.87957552 0.74847222 0.14895312 0.33268519
0 0.97184375 0.69477315 0.0563125 0.27028704
0 0.93922656 0.45821296 0.07805729 0.22361111
0 0.83032031 0.45578704 0.15610938 0.28177778
0 0.77748698 0.23006481 0.13839063 0.20724074
0 0.88520052 0.26006019 0.08044271 0.17391667
0 0.17880208 0.66689815 0.18883333 0.2412037
0 0.04296875 0.64939815 0.0859375 0.19633333
0 0.07095313 0.4772963 0.10430208 0.17088889
0 0.11066406 0.32671759 0.11146354 0.14725