0 0.89505469 0.28507407 0.07894271 0.18542593
0 0.12136979 0.29561111 0.07934375 0.19344444
0 0.22874479 0.26980093 0.15338542 0.21887963
0 0.4038099 0.24689815 0.14847396 0.2167037
0 0.60930729 0.24115741 0.15175 0.20433333
0 0.78542708 0.25782407 0.13945833 0.22546296
0 0.94614323 0.49638889 0.07771354 0.23777778
0 0.97483073 0.73518981 0.05033854 0.28141667
0 0.88483073 0.7984537 0.14520312 0.33377778
0 0.83778906 0.49559259 0.15910937 0.29377778
0 0.62489063 0.50286111 0.20369792 0.30540741
0 0.66472917 0.82581944 0.24378125 0.34836111
0 0.36086198 0.84378241 0.26136979 0.31243519
0 0.3735026 0.51602315 0.20615104 0.29886111
0 0.17536458 0.49086111 0.17425 0.24505556
0 0.14751042 0.77343981 0.16729167 0.31486111
0 0.0283724 0.74937037 0.05674479 0.27924074
0 0.05367969 0.51158796 0.07240104 0.25741667