0 0.9529375 0.45793981 0.07360417 0.25134259
0 0.98629167 0.67999537 0.02741667 0.28534259
0 0.89454167 0.26114815 0.08147917 0.19459259
0 0.68740625 0.21838889 0.11780208 0.20331481
0 0.93355729 0.74544907 0.11044792 0.31849074
0 0.82115885 0.7764213 0.17326563 0.36823148
0 0.75097135 0.40469444 0.13399479 0.274
0 0.80594531 0.22624537 0.13301562 0.19982407
0 0.87760677 0.45399537 0.12025521 0.28534259
0 0.14832813 0.38509722 0.13580208 0.25167593
0 0.10458594 0.75131019 0.09902604 0.36691667
0 0.02718229 0.69727778 0.05436458 0.27644444
0 0.05220573 0.45821296 0.06913021 0.24433333
0 0.12010417 0.25747685 0.073625 0.16513889
0 0.23279167 0.19821296 0.15175 0.15277778
0 0.3735 0.20075926 0.17711458 0.17677778
0 0.28760417 0.39749537 0.15829167 0.24869444
0 0.19373177 0.57710185 0.13416146 0.3185