0 0.80519271 0.85502778 0.22046875 0.26905556
0 0.12071875 0.25533333 0.07648958 0.16433333
0 0.07306771 0.52656481 0.1194375 0.22542593
0 0.02753385 0.75089815 0.05506771 0.2625
0 0.09790104 0.76433333 0.10284375 0.35337037
0 0.26711198 0.86461574 0.24786979 0.27076852
0 0.39047396 0.66291204 0.243375 0.3250463
0 0.58227083 0.80825926 0.2155625 0.38348148
0 0.92810677 0.75213426 0.11289062 0.3279537
0 0.98859375 0.72195833 0.0228125 0.3010463
0 0.90745052 0.41436111 0.12475521 0.1657963
0 0.89415625 0.25220833 0.08098958 0.17597222
0 0.80641927 0.22893519 0.13783854 0.20214815
0 0.75533073 0.31968519 0.18447396 0.19851852
0 0.63932813 0.16712963 0.17915625 0.14398148
0 0.51416667 0.24602315 0.20860417 0.16797222
0 0.36838802 0.19825 0.17793229 0.1737963
0 0.23479948 0.20421296 0.15216146 0.15851852