0 0.95445313 0.41331019 0.08351042 0.23734259
0 0.10047135 0.34877315 0.08057812 0.18834259
0 0.04197917 0.51929167 0.06585417 0.25450926
0 0.026 0.751625 0.052 0.26832407
0 0.09458333 0.76602315 0.09776042 0.35776852
0 0.25758073 0.85792593 0.24296354 0.28414815
0 0.48316146 0.80011574 0.24828125 0.39976852
0 0.447 0.1535 0.18320833 0.13281481
0 0.63611979 0.1585463 0.1840625 0.13685185
0 0.79354167 0.21864352 0.12810417 0.20552778
0 0.88401042 0.24540278 0.07896875 0.17017593
0 0.94811198 0.58424074 0.10377604 0.21259259