0 0.94838542 0.56324537 0.09669792 0.29580556
0 0.84432813 0.63610648 0.18013542 0.24084259
0 0.6776901 0.65399537 0.16197396 0.41971296
0 0.46073958 0.64744907 0.27388542 0.27749074
0 0.24825521 0.68261574 0.15510417 0.40750926
0 0.12132552 0.60468981 0.14872396 0.22163889
0 0.15151042 0.34116667 0.09914583 0.25305556
0 0.27966927 0.33139352 0.18258854 0.18499074
0 0.61785677 0.3318287 0.21793229 0.19110185
0 0.77880208 0.34771296 0.12270833 0.27661111
0 0.88923958 0.3494537 0.12565625 0.15968519
0 0.43986719 0.331125 0.14182813 0.2940463