0 0.48603385 0.18844907 0.17303646 0.17310185
0 0.69360677 0.19966667 0.14479687 0.16659259
0 0.849 0.24079167 0.1329375 0.19487963
0 0.94696354 0.48766204 0.08098958 0.22469444
0 0.0402526 0.75474074 0.08050521 0.29214815
0 0.06672656 0.45021296 0.10634896 0.23851852
0 0.15757292 0.23606481 0.09366667 0.14907407
0 0.30236458 0.18983796 0.1631875 0.18189815
0 0.89836979 0.77685648 0.14773958 0.30628704
0 0.69516146 0.81665741 0.23216667 0.36668519
0 0.43698177 0.81356019 0.23903646 0.37287963
0 0.19058333 0.77982407 0.18798958 0.33857407