2 0.04144792 0.71438426 0.08289583 0.26917593
2 0.08397396 0.469125 0.1050625 0.2365463
2 0.13102865 0.26251389 0.10425521 0.16947222
2 0.16611979 0.75362963 0.15739583 0.34255556
2 0.22230469 0.43811574 0.15860938 0.26539815
2 0.25804427 0.22540741 0.14035938 0.17892593
2 0.42375521 0.21278704 0.16510417 0.18109259
2 0.40002344 0.44283796 0.20282812 0.27484259
2 0.38988021 0.79152778 0.23609375 0.3895
2 0.6469974 0.77253241 0.22446354 0.38828704
2 0.85963021 0.74311111 0.15685417 0.32092593
2 0.96953646 0.71396759 0.06092708 0.26502778
2 0.93531771 0.45693056 0.1000625 0.22656481
2 0.87703906 0.25241667 0.10783854 0.17609259
2 0.76514323 0.21425463 0.13488021 0.16947222
2 0.80334375 0.43811574 0.15652083 0.25421296
2 0.61673958 0.43180556 0.20384375 0.28125926
2 0.61335938 0.20313426 0.16192708 0.17728704