0 0.61629687 0.19441204 0.16532292 0.19265741
0 0.13960156 0.24439352 0.08521354 0.15943519
0 0.2698099 0.19534259 0.12475521 0.15694444
0 0.43120833 0.17988889 0.15236458 0.17574074
0 0.76559115 0.2017037 0.15031771 0.18785185
0 0.8906849 0.25593981 0.11350521 0.19936111
0 0.9718125 0.75098611 0.056375 0.30462037
0 0.85871094 0.78676389 0.13743229 0.37617593
0 0.6390599 0.8132963 0.24296354 0.37340741
0 0.37940625 0.81242593 0.25572917 0.37514815
0 0.16491146 0.77541667 0.18603125 0.29066667
0 0.0433099 0.71171759 0.08661979 0.26099074