2 0.11023438 0.7729537 0.13178125 0.33148148
2 0.16409115 0.45289815 0.13792187 0.25168519
2 0.21544271 0.23186111 0.13082292 0.17427778
2 0.41148177 0.20379167 0.16451562 0.18284259
2 0.38152604 0.46047222 0.20202083 0.2927963
2 0.3633099 0.81681481 0.23284896 0.36637037
2 0.70434115 0.81375 0.21732812 0.3725
2 0.6581849 0.44411574 0.19276562 0.27693519
2 0.64504167 0.21218519 0.15966667 0.18692593
2 0.82564063 0.23728241 0.12364583 0.1765463
2 0.87505729 0.45148148 0.12998958 0.24666667
2 0.91521094 0.7555787 0.12461979 0.3115463