7 0.20308854 0.34662037 0.12823958 0.18566667
7 0.27449219 0.42261574 0.20498437 0.29793519
7 0.45470573 0.2252963 0.15544271 0.15025926
7 0.47097917 0.36216667 0.1384375 0.16148148
7 0.11783854 0.51674537 0.10055208 0.19084259
7 0.06659115 0.6048287 0.10395313 0.26856481
7 0.12658073 0.84533333 0.14329687 0.24007407
7 0.26259115 0.82939815 0.13941146 0.3412037
7 0.36897135 0.79528704 0.17924479 0.40942593
7 0.40127344 0.5979213 0.23607813 0.17702778
7 0.68058073 0.40318519 0.21858854 0.19516667
7 0.86288281 0.33325463 0.15301563 0.24182407
7 0.72551042 0.73738426 0.38422917 0.48186111
7 0.86977865 0.64800463 0.17632812 0.21502778