7 0.20284375 0.35050926 0.13066667 0.1847963
7 0.2764349 0.42347685 0.20790104 0.29447222
7 0.45422656 0.22619907 0.15544271 0.15025
7 0.12051563 0.5180787 0.10055208 0.19084259
7 0.06805208 0.60789352 0.10394792 0.26856481
7 0.13023177 0.84279167 0.14329687 0.24700926
7 0.47171354 0.36695833 0.1384375 0.16149074
7 0.39836458 0.59752778 0.23607292 0.17703704
7 0.26623698 0.83046296 0.14231771 0.33907407
7 0.37164844 0.79744444 0.17924479 0.40511111
7 0.68203906 0.40752778 0.22053646 0.20031481
7 0.86080208 0.33673148 0.15301042 0.24183333
7 0.72673437 0.73742593 0.38422917 0.48187037
7 0.86954427 0.64675 0.17632812 0.21501852