7 0.20901562 0.35785185 0.12211458 0.17811111
7 0.28120312 0.42771296 0.20171875 0.28664815
7 0.45219271 0.24348611 0.14842708 0.14932407
7 0.4690599 0.35293056 0.13155729 0.18950926
7 0.1251875 0.51646759 0.12582292 0.19069444
7 0.07189062 0.61331944 0.09883333 0.22487963
7 0.13459896 0.81109722 0.1426875 0.20749074
7 0.27577083 0.81919444 0.15854167 0.36161111
7 0.3811849 0.77781481 0.15685938 0.394
7 0.3999401 0.58663426 0.22668229 0.16671296
7 0.67165885 0.39862963 0.21284896 0.17211111
7 0.85243229 0.33883796 0.15415625 0.22849074
7 0.8639375 0.63160648 0.16630208 0.19189815
7 0.72040104 0.72216204 0.37578125 0.47375