7 0.44017969 0.17261574 0.19345312 0.15615741
7 0.36415104 0.33710185 0.1740625 0.1985
7 0.27020573 0.49631944 0.13392187 0.27106481
7 0.29364844 0.55868981 0.17541146 0.21349074
7 0.46501042 0.47325 0.16259375 0.23572222
7 0.37309115 0.59766204 0.22229688 0.17750926
7 0.62810937 0.4279537 0.38961458 0.47375926
7 0.69355208 0.31910648 0.31 0.31363889
7 0.31179948 0.87603241 0.15544271 0.24793519
7 0.43517969 0.86277778 0.20255729 0.27444444
7 0.5605026 0.82995833 0.09860937 0.34008333
7 0.66153906 0.73781481 0.18555729 0.36527778