7 0.17344792 0.23906481 0.10147917 0.14998148
7 0.14365104 0.407 0.09529167 0.21788889
7 0.09642708 0.50792593 0.08686458 0.17996296
7 0.07442708 0.74231019 0.14885417 0.22593519
7 0.44246615 0.18612037 0.19649479 0.18090741
7 0.40676563 0.33254167 0.12171875 0.18189815
7 0.3699401 0.60037963 0.23247396 0.18196296
7 0.38793229 0.87363889 0.3055625 0.25272222
7 0.69996094 0.53043981 0.33479687 0.29584259
7 0.74254948 0.86414352 0.13324479 0.27171296
7 0.94283073 0.83912963 0.11433854 0.17940741
7 0.9234401 0.5676713 0.12790104 0.17241667
7 0.88099219 0.33729167 0.14982812 0.23737963
7 0.66454167 0.29856019 0.24259375 0.17091667