7 0.10482812 0.27418981 0.09108333 0.1310463
7 0.07183594 0.49152315 0.09391146 0.28073148
7 0.03317969 0.75886574 0.04654688 0.25410185
7 0.44242708 0.18427315 0.19632292 0.17847222
7 0.66101302 0.30625 0.24166146 0.20077778
7 0.28779427 0.30121759 0.15584896 0.17199074
7 0.40315885 0.31344907 0.12831771 0.20221296
7 0.38190885 0.51530556 0.21697396 0.28640741
7 0.33090625 0.86663889 0.17972917 0.26672222
7 0.4511276 0.88823148 0.23558854 0.22353704
7 0.64615885 0.95886111 0.18944271 0.08227778
7 0.95953385 0.41059722 0.08093229 0.31015741
7 0.98564323 0.69844907 0.02871354 0.30008333
7 0.86077865 0.60918056 0.14734896 0.24689815
7 0.91279427 0.84073611 0.14127604 0.31852778