7 0.49905208 0.16673148 0.103625 0.16048148
7 0.26467708 0.19695833 0.16758333 0.24036111
7 0.10478125 0.27467593 0.09229167 0.13385185
7 0.07280208 0.49417593 0.10084375 0.29609259
7 0.70123958 0.252375 0.14814583 0.28210185
7 0.84636198 0.2422963 0.11657813 0.1245
7 0.9594974 0.40996759 0.08100521 0.30584259
7 0.34822917 0.36444444 0.18755208 0.16851852
7 0.44892188 0.44300463 0.13257292 0.21169444
7 0.4504401 0.5923287 0.24220312 0.42037963
7 0.81323177 0.49006019 0.19395312 0.38136111
7 0.81121094 0.61931481 0.20071354 0.26325926