7 0.10485937 0.27901852 0.09636458 0.15544444
7 0.50028646 0.17012963 0.10765625 0.16048148
7 0.17204167 0.45143519 0.20984375 0.37746296
7 0.3459401 0.36249074 0.17341146 0.17538889
7 0.23276302 0.60342593 0.11318229 0.31011111
7 0.38674479 0.53865741 0.22004167 0.32564815
7 0.45183594 0.61206019 0.20886979 0.26769444
7 0.49701042 0.34781019 0.15641667 0.17021296
7 0.57230208 0.361625 0.14766667 0.29369444
7 0.680625 0.31154167 0.10832292 0.23056481
7 0.65147917 0.57924074 0.1641875 0.41194444
7 0.84626562 0.24159259 0.11658333 0.1245
7 0.81760417 0.53519907 0.1768125 0.30397222
7 0.80011979 0.72345833 0.15592708 0.19084259
7 0.9703125 0.76663889 0.059375 0.31174074