7 0.10484896 0.2782963 0.09636458 0.15544444
7 0.49948698 0.17012963 0.10363021 0.16048148
7 0.84675 0.23727778 0.11658333 0.1245
7 0.1715625 0.44407407 0.20984375 0.37746296
7 0.34521875 0.36289815 0.17341667 0.17538889
7 0.23446615 0.59606019 0.11318229 0.31010185
7 0.38504948 0.53906481 0.22004688 0.32564815
7 0.4975026 0.34562963 0.15641146 0.1702037
7 0.57279167 0.3633287 0.14766667 0.29369444
7 0.45038281 0.61035185 0.20886979 0.2677037
7 0.68023958 0.31899074 0.10832292 0.23057407
7 0.65197135 0.58143519 0.16418229 0.41194444
7 0.81955208 0.53608796 0.1768125 0.30397222
7 0.79891146 0.7230463 0.15592708 0.19085185
7 0.96952344 0.76708796 0.06095312 0.31175