7 0.10647917 0.27686111 0.09229167 0.13385185
7 0.26470833 0.19459722 0.16758333 0.24036111
7 0.50070312 0.17012963 0.103625 0.16048148
7 0.69823958 0.25648611 0.14814583 0.28210185
7 0.84720573 0.24209259 0.11657812 0.1245
7 0.07342969 0.46007407 0.09404688 0.22355556
7 0.15674479 0.45227778 0.20061458 0.3835
7 0.34764844 0.36549074 0.18701562 0.16848148
7 0.23640885 0.59519907 0.11511979 0.31010185
7 0.38553385 0.52266204 0.22004688 0.33600926
7 0.45159635 0.60646759 0.21032813 0.28065741
7 0.6531849 0.57883333 0.16272396 0.41709259
7 0.81761198 0.53392593 0.17778646 0.30311111
7 0.80328125 0.7265 0.15495833 0.18738889