7 0.10485937 0.27901852 0.09636458 0.15544444
7 0.49948958 0.16796759 0.10765625 0.16047222
7 0.9703125 0.76663889 0.059375 0.31174074
7 0.84471875 0.23734722 0.11658333 0.12449074
7 0.17103385 0.44854167 0.20984896 0.3774537
7 0.34264323 0.76290741 0.32496354 0.47418519
7 0.33750521 0.56468056 0.23605208 0.66232407
7 0.51527865 0.50249537 0.27493229 0.5725463
7 0.6078151 0.48867593 0.25404688 0.58462963
7 0.82450781 0.52926389 0.17924479 0.30225
7 0.80527344 0.71925 0.15349479 0.18738889