7 0.10871094 0.24482407 0.09190104 0.1072037
7 0.96788542 0.75281944 0.06422917 0.31175
7 0.84066927 0.23159259 0.11657812 0.1245
7 0.2136276 0.19835648 0.08805729 0.10791667
7 0.32729688 0.18816667 0.12415625 0.11690741
7 0.49535677 0.15164352 0.09614063 0.13493519
7 0.10513802 0.37328704 0.13661979 0.1985
7 0.23588021 0.31787963 0.14740625 0.29264815
7 0.33951042 0.35745833 0.169 0.19010185
7 0.5006224 0.28726852 0.22593229 0.25064815
7 0.69972917 0.21339352 0.17460417 0.14932407
7 0.74177604 0.37260648 0.18822917 0.23208333
7 0.90188021 0.4035787 0.12582292 0.1939537
7 0.93205469 0.50797685 0.13589063 0.23987963
7 0.2609401 0.59668056 0.16718229 0.21447222
7 0.64511198 0.59477315 0.18418229 0.21649074
7 0.80663021 0.64615741 0.16663542 0.17935185
7 0.83358073 0.82595833 0.19924479 0.34808333
7 0.60382031 0.91910648 0.24152604 0.16178704
7 0.363125 0.88897222 0.20864583 0.22205556
7 0.0341276 0.80289352 0.06825521 0.14249074
7 0.17781771 0.86852315 0.2023125 0.2180463
7 0.36790365 0.44756944 0.15544271 0.27806481
7 0.50075781 0.41820833 0.12483854 0.33678704
7 0.45145312 0.64541667 0.2151875 0.19948148