7 0.10971615 0.24950926 0.09190104 0.1072037
7 0.84066927 0.23159259 0.11657812 0.1245
7 0.21463281 0.20076389 0.08805729 0.10791667
7 0.32797396 0.18697222 0.12415625 0.11690741
7 0.49535677 0.15164352 0.09614063 0.13493519
7 0.10513802 0.37328704 0.13661979 0.1985
7 0.23609635 0.31787963 0.14864062 0.29264815
7 0.33951042 0.35745833 0.169 0.19010185
7 0.48645312 0.29159259 0.2259375 0.27292593
7 0.70094271 0.21483796 0.17460417 0.14932407
7 0.74177604 0.35893056 0.18822917 0.20473148
7 0.90026562 0.40500926 0.12582292 0.19396296
7 0.93205469 0.50797685 0.13589063 0.23987963
7 0.25911719 0.59596759 0.16718229 0.21447222
7 0.62301302 0.60513889 0.14678646 0.19231481
7 0.61353646 0.92515278 0.24153125 0.14969444
7 0.36094792 0.89069907 0.20913542 0.21860185
7 0.03452083 0.80548148 0.0684375 0.14248148
7 0.17781771 0.86852315 0.2023125 0.2180463
7 0.44854688 0.63927778 0.2151875 0.19948148
7 0.37276302 0.44497685 0.16707813 0.27806481
7 0.5009974 0.42693519 0.09569271 0.34455556
7 0.60835156 0.41605093 0.18944271 0.28756481
7 0.73945313 0.60612037 0.17438542 0.43868519
7 0.84607552 0.64066204 0.08743229 0.17443519