7 0.10788281 0.24485185 0.09274479 0.09862963
7 0.96788542 0.75281944 0.06422917 0.31175
7 0.84066927 0.23159259 0.11657812 0.1245
7 0.21478906 0.19622685 0.08771354 0.10615741
7 0.33015885 0.18725 0.12416146 0.11690741
7 0.49493229 0.14825463 0.09613542 0.13493519
7 0.70120833 0.21602315 0.17945833 0.14932407
7 0.74364583 0.37481944 0.18822917 0.23208333
7 0.90107292 0.40721296 0.12582292 0.20187037
7 0.93071875 0.50837037 0.1385625 0.23987037
7 0.64521094 0.59322685 0.18418229 0.21649074
7 0.80729948 0.64540278 0.16225521 0.17330556
7 0.83242969 0.82225 0.19632813 0.3555
7 0.60601302 0.91874074 0.24152604 0.16251852
7 0.44939323 0.58273611 0.21488021 0.31063889
7 0.10397135 0.37013889 0.13661979 0.1985
7 0.23552865 0.31826852 0.14335938 0.29264815
7 0.34009896 0.35814815 0.169 0.19011111
7 0.49385417 0.31215278 0.23646875 0.31184259
7 0.05507812 0.60374537 0.06314583 0.19862037
7 0.12935677 0.53462963 0.11698438 0.33974074
7 0.26929427 0.58957407 0.17810937 0.2302963
7 0.03421875 0.8239537 0.0684375 0.14248148
7 0.17728385 0.87900463 0.20230729 0.2180463
7 0.36258854 0.88783333 0.20913542 0.22433333