7 0.10769271 0.26534259 0.09636458 0.15544444
7 0.84066927 0.23159259 0.11657812 0.1245
7 0.21496615 0.20016667 0.08805729 0.10792593
7 0.32797396 0.18697222 0.12415625 0.11690741
7 0.49535677 0.15164352 0.09614063 0.13493519
7 0.23426562 0.31787963 0.14740625 0.29264815
7 0.33951042 0.35745833 0.169 0.19010185
7 0.48645312 0.2804537 0.2259375 0.25064815
7 0.70094271 0.21483796 0.17460417 0.14932407
7 0.74501563 0.36324537 0.18822917 0.20473148
7 0.90026562 0.40500926 0.12582292 0.19396296
7 0.93205469 0.50797685 0.13589063 0.23987963
7 0.2109401 0.61000463 0.07082813 0.16482407
7 0.62228125 0.60859259 0.14678125 0.19231481
7 0.61353646 0.92515278 0.24153125 0.14969444
7 0.36191667 0.88854167 0.20913542 0.22291667
7 0.03452083 0.80548148 0.0684375 0.14248148
7 0.17781771 0.86852315 0.2023125 0.2180463
7 0.44854688 0.63927778 0.2151875 0.19948148
7 0.73870313 0.60783333 0.17438542 0.43868519
7 0.84702344 0.64496759 0.08743229 0.17443519
7 0.28294271 0.61069907 0.1768125 0.55008333
7 0.38689323 0.45093981 0.11949479 0.27028704
7 0.50128906 0.42374074 0.10638021 0.35233333
7 0.60596875 0.44100926 0.19527083 0.33505556