2 0.03329948 0.69184722 0.06659896 0.24923148
2 0.07278646 0.43318981 0.09702083 0.20913889
2 0.13938281 0.23255556 0.10276562 0.16712963
2 0.25940104 0.2057037 0.13963542 0.17011111
2 0.49061458 0.1897963 0.16395833 0.1815
2 0.71626042 0.20301852 0.15009375 0.17909259
2 0.87954167 0.24298148 0.1075 0.16887037
2 0.94613542 0.46997222 0.09702083 0.21394444
2 0.9739974 0.71877315 0.05200521 0.25721296
2 0.74871615 0.79179167 0.20654687 0.37080556
2 0.40407552 0.78909259 0.24069271 0.39424074
2 0.1611849 0.7479213 0.15448438 0.32993519