7 0.10769271 0.26534259 0.09636458 0.15544444
7 0.84066927 0.23159259 0.11657812 0.1245
7 0.21496615 0.19596759 0.08805729 0.10791667
7 0.32797396 0.18697222 0.12415625 0.11690741
7 0.49535677 0.15164352 0.09614063 0.13493519
7 0.23426562 0.31787963 0.14740625 0.29264815
7 0.33951042 0.35745833 0.169 0.19010185
7 0.48909896 0.24666667 0.19713542 0.18853704
7 0.70094271 0.21483796 0.17460417 0.14932407
7 0.74663021 0.36468981 0.18822917 0.20473148
7 0.20932552 0.61324074 0.07082812 0.16481481
7 0.62228125 0.60859259 0.14678125 0.19231481
7 0.61353646 0.92515278 0.24153125 0.14969444
7 0.35900521 0.90494907 0.20913542 0.19010185
7 0.03452083 0.80548148 0.0684375 0.14248148
7 0.17927604 0.86852315 0.2023125 0.2180463
7 0.73870313 0.60220833 0.17438542 0.42743519
7 0.84702344 0.64496759 0.08743229 0.17443519
7 0.26909896 0.63919444 0.1598125 0.58635185
7 0.42429948 0.54808796 0.27784896 0.67012037
7 0.62248438 0.413375 0.18069792 0.28669444