7 0.10769271 0.26534259 0.09636458 0.15544444
7 0.84066927 0.23159259 0.11657812 0.1245
7 0.21496615 0.19596759 0.08805729 0.10791667
7 0.3165 0.19149074 0.0991875 0.11035185
7 0.50222656 0.14336111 0.07992188 0.12124074
7 0.238125 0.30096296 0.1396875 0.25881481
7 0.33951042 0.35745833 0.169 0.19010185
7 0.4981901 0.30314815 0.22593229 0.29314815
7 0.70094271 0.21483796 0.17460417 0.14932407
7 0.74258333 0.36468981 0.18822917 0.20473148
7 0.25709115 0.598125 0.16718229 0.21447222
7 0.6232526 0.61505556 0.14678646 0.17414815
7 0.61353646 0.92515278 0.24153125 0.14969444
7 0.36166406 0.88379167 0.19895313 0.23241667
7 0.03452083 0.80548148 0.0684375 0.14248148
7 0.17927604 0.87283796 0.2023125 0.2180463
7 0.73310417 0.60699074 0.18558333 0.42490741
7 0.84702344 0.64496759 0.08743229 0.17443519
7 0.07771354 0.42975 0.10832292 0.34894444
7 0.16004948 0.45698611 0.11269271 0.33765741
7 0.37790885 0.44878241 0.16855729 0.26597222
7 0.48380208 0.50707407 0.09471875 0.13385185
7 0.44834375 0.6620787 0.21130208 0.18825
7 0.9691849 0.6012037 0.06163021 0.40846296
7 0.42757031 0.16234722 0.15719271 0.20269444