7 0.10769271 0.26534259 0.09636458 0.15544444
7 0.84066927 0.23159259 0.11657812 0.1245
7 0.21496615 0.19596759 0.08805729 0.10791667
7 0.33033333 0.19176852 0.11773958 0.11690741
7 0.48726302 0.14228704 0.07954688 0.11692593
7 0.23021875 0.31787963 0.14740625 0.29264815
7 0.33951042 0.35745833 0.169 0.19010185
7 0.48766406 0.29915278 0.22384896 0.34762037
7 0.70094271 0.21483796 0.17460417 0.14932407
7 0.73934635 0.37619907 0.18822396 0.23349074
7 0.2659974 0.61180556 0.18699479 0.21235185
7 0.64899479 0.60945833 0.18857292 0.20606481
7 0.61353646 0.92515278 0.24153125 0.14969444
7 0.36143229 0.88147685 0.19895833 0.23473148
7 0.03452083 0.80548148 0.0684375 0.14248148
7 0.17927604 0.87283796 0.2023125 0.2180463
7 0.08298958 0.42056481 0.11611458 0.34894444
7 0.118125 0.5967963 0.15155208 0.2582037
7 0.44688281 0.60508333 0.20693229 0.3057037
7 0.62117188 0.44342593 0.19527083 0.21968519
7 0.80711458 0.64031481 0.15738542 0.16925926
7 0.8840599 0.39575926 0.11318229 0.24611111
7 0.9695625 0.60715741 0.060875 0.41459259
7 0.82285677 0.84947222 0.18021354 0.30105556