7 0.10769271 0.26534259 0.09636458 0.15544444
7 0.84066927 0.23159259 0.11657812 0.1245
7 0.21496615 0.19596759 0.08805729 0.10791667
7 0.32847396 0.19056944 0.11773958 0.11691667
7 0.48746615 0.14264352 0.07954687 0.11693519
7 0.2306224 0.31787963 0.14740104 0.29264815
7 0.33951042 0.35745833 0.169 0.19010185
7 0.48850521 0.29808796 0.21861458 0.35628704
7 0.70094271 0.21483796 0.17460417 0.14932407
7 0.74015625 0.37690741 0.18822917 0.2335
7 0.26459115 0.61289815 0.18699479 0.21235185
7 0.64850521 0.61159722 0.18857292 0.20606481
7 0.61353646 0.92515278 0.24153125 0.14969444
7 0.36046094 0.88263426 0.19895313 0.23473148
7 0.03452083 0.80548148 0.0684375 0.14248148
7 0.17927604 0.87283796 0.2023125 0.2180463
7 0.80527344 0.64152778 0.15738021 0.16925926
7 0.82348698 0.84619444 0.18021354 0.30761111
7 0.88620052 0.38720833 0.11318229 0.24612037
7 0.96821354 0.60780556 0.06357292 0.41459259
7 0.08397396 0.4222963 0.11611458 0.34894444
7 0.12041146 0.58937037 0.15155208 0.2582037
7 0.4454375 0.60867593 0.20692708 0.3057037
7 0.63313281 0.44235648 0.19527604 0.21969444