2 0.03794271 0.73723148 0.07588542 0.26377778
2 0.1895026 0.77098148 0.16940104 0.34892593
2 0.12636719 0.46227778 0.12413021 0.2387037
2 0.13890104 0.27372685 0.10953125 0.18180556
2 0.25978646 0.25100926 0.14846875 0.19407407
2 0.34497396 0.44031481 0.19309375 0.28133333
2 0.5181901 0.25356944 0.17605729 0.20769444
2 0.69124479 0.337875 0.17808333 0.23221296
2 0.87983854 0.2470787 0.1083125 0.16730556
2 0.91391406 0.49624537 0.11723437 0.23582407
2 0.85772656 0.77966667 0.15333854 0.32957407
2 0.61315625 0.61372222 0.22473958 0.3512037