2 0.03794271 0.73931019 0.07588542 0.27208333
2 0.1405625 0.25710185 0.10871875 0.17885185
2 0.2511875 0.24271296 0.14157292 0.1882963
2 0.42594531 0.20734259 0.16672396 0.19038889
2 0.59814583 0.20733796 0.16551042 0.18317593
2 0.75927604 0.22183796 0.14116667 0.18389815
2 0.88097396 0.25104167 0.10546875 0.17163889
2 0.97252083 0.74761574 0.05495833 0.26273148
2 0.84433333 0.80265741 0.1653125 0.34477778
2 0.60447396 0.81643056 0.24769792 0.36713889
2 0.36614844 0.80916667 0.22665104 0.38166667
2 0.15410417 0.7938287 0.15421875 0.3385463