2 0.0353125 0.78240741 0.070625 0.27518519
2 0.06433333 0.49388889 0.09566667 0.22475926
2 0.13133594 0.28489815 0.10716146 0.18455556
2 0.24028906 0.27603704 0.14468229 0.19892593
2 0.17832552 0.50335648 0.15110937 0.27650926
2 0.17572135 0.8295787 0.16564062 0.34084259
2 0.76626042 0.24460648 0.14705208 0.18930556
2 0.88778906 0.27435185 0.10817188 0.18390741
2 0.81564844 0.48066667 0.15888021 0.26924074
2 0.95538802 0.51293981 0.08922396 0.2199537
2 0.84877865 0.8397963 0.16226562 0.32040741
2 0.97492708 0.78572222 0.05014583 0.27116667