2 0.12914062 0.39314352 0.11829167 0.22500926
2 0.2333151 0.46411111 0.16599479 0.26135185
2 0.25059375 0.24905556 0.14116667 0.18433333
2 0.39736198 0.26852778 0.17670313 0.20942593
2 0.57479688 0.31915278 0.18401042 0.23452778
2 0.71927604 0.21945833 0.15139583 0.17913889
2 0.74872917 0.4228287 0.170375 0.25875
2 0.81152344 0.71836111 0.17427604 0.34616667
2 0.61422135 0.58915741 0.21906771 0.33664815
2 0.4083125 0.51992593 0.2141875 0.30894444
2 0.25708854 0.76797222 0.19697917 0.36388889
2 0.46633073 0.83401389 0.24533854 0.33197222