2 0.03636458 0.73357407 0.07272917 0.25422222
2 0.11890104 0.56006944 0.12859375 0.27115741
2 0.09679427 0.38117593 0.10466146 0.202
2 0.17842708 0.21378241 0.1149375 0.16576852
2 0.22096354 0.32821759 0.14254167 0.22236111
2 0.31795833 0.46739352 0.191875 0.28486111
2 0.42026562 0.24772685 0.17564583 0.20913889
2 0.51539323 0.51708333 0.21986979 0.3137037
2 0.59806771 0.29972685 0.17848958 0.22356481
2 0.71517969 0.20769907 0.14969271 0.18534259
2 0.82957552 0.37609259 0.14400521 0.22788889
2 0.8791875 0.26655093 0.10628125 0.17452778
2 0.95176302 0.54456019 0.09647396 0.24447222
2 0.91813281 0.76091204 0.12494271 0.31226852
2 0.71570573 0.8391713 0.22473438 0.32165741
2 0.18956771 0.83123611 0.172 0.33752778
2 0.45900781 0.83768981 0.24582813 0.32462037
2 0.74755208 0.54384259 0.18457292 0.30505556