2 0.08539583 0.39160185 0.10060417 0.20409259
2 0.13500521 0.22194907 0.105875 0.15728704
2 0.23053906 0.21978241 0.12980729 0.18469444
2 0.35008594 0.26431019 0.16753646 0.20913889
2 0.49085156 0.16731944 0.16185937 0.17667593
2 0.63376302 0.26705556 0.17361979 0.20264815
2 0.74146615 0.19350926 0.13995313 0.17094444
2 0.84559896 0.34544907 0.13386458 0.20841667
2 0.87939062 0.23712963 0.10344792 0.16442593
2 0.95703646 0.51441667 0.08592708 0.22283333
2 0.97022135 0.75348611 0.05955729 0.26971296
2 0.87399479 0.58595833 0.13711458 0.28269444
2 0.79623177 0.82662037 0.18944271 0.34675926
2 0.5798099 0.81684722 0.24745312 0.36630556
2 0.3416875 0.82986574 0.22960417 0.34026852
2 0.15273177 0.80952315 0.15333854 0.3389537
2 0.03717969 0.72427778 0.07435938 0.26177778
2 0.1214974 0.54520833 0.12656771 0.26323148