7 0.2126901 0.18993519 0.14572396 0.15531481
7 0.2771224 0.24150463 0.13493229 0.18050926
7 0.15214063 0.33116204 0.10963542 0.20510185
7 0.47428906 0.19611111 0.16495313 0.1865
7 0.61411198 0.16712963 0.08230729 0.15888889
7 0.83623958 0.35844907 0.16967708 0.39160185
7 0.93558333 0.49037963 0.0425 0.1877037
7 0.9468776 0.70147222 0.10624479 0.13733333
7 0.87689063 0.79352315 0.14505208 0.21949074
7 0.84180729 0.91235648 0.18147917 0.17528704
7 0.65661458 0.93364352 0.16191667 0.13271296
7 0.03441406 0.73205556 0.06645313 0.29924074
7 0.12633594 0.8766713 0.09175521 0.24665741
7 0.10710677 0.56803704 0.15247396 0.27825926