7 0.21167969 0.20552778 0.15381771 0.18890741
7 0.27408594 0.24510648 0.13155729 0.17810185
7 0.47682031 0.20270833 0.16664063 0.19489815
7 0.59218229 0.17434259 0.0985 0.12892593
7 0.81888021 0.25925926 0.13601042 0.1907037
7 0.70432812 0.32690278 0.16515625 0.14176852
7 0.69704167 0.51616667 0.21210417 0.15903704
7 0.56386458 0.597125 0.2080625 0.26626852
7 0.86603906 0.47334722 0.17770313 0.18278704
7 0.83891927 0.91981944 0.18094271 0.16036111
7 0.65567187 0.93763426 0.16232292 0.12473148
7 0.2871875 0.951125 0.17770833 0.09775
7 0.12263802 0.52731944 0.14653646 0.24899074
7 0.30763021 0.49781481 0.21454167 0.24611111