7 0.47547656 0.20223611 0.16664063 0.19489815
7 0.58982813 0.17824537 0.0985 0.12893519
7 0.12326302 0.53140278 0.14653646 0.24899074
7 0.30845573 0.50081481 0.21453646 0.24611111
7 0.34573177 0.26303704 0.12447396 0.19011111
7 0.55997656 0.41664352 0.20158854 0.22956481
7 0.73544271 0.23133796 0.08057292 0.21876852
7 0.69254688 0.51523148 0.20198958 0.15903704
7 0.84940365 0.50263889 0.15381771 0.1352963
7 0.91417187 0.45802315 0.08177083 0.15687963
7 0.81277083 0.79593519 0.1129375 0.40812963
7 0.56422917 0.60950463 0.21413542 0.25978704
7 0.43647656 0.90992593 0.12305729 0.18014815
7 0.55046354 0.87617593 0.13398958 0.24764815
7 0.2482474 0.80845833 0.15463021 0.38308333