7 0.47547656 0.20223611 0.16664063 0.19489815
7 0.58679167 0.17644907 0.0985 0.12893519
7 0.23274219 0.30938426 0.14936979 0.30663889
7 0.3355599 0.26084259 0.13803646 0.18925926
7 0.0926901 0.6224213 0.13399479 0.23899074
7 0.12242969 0.80881019 0.18295312 0.24906481
7 0.29933073 0.49216667 0.18620313 0.24762963
7 0.35903646 0.67313889 0.22304167 0.27853704
7 0.51265885 0.45906481 0.17244271 0.31383333
7 0.6473724 0.32114815 0.12953646 0.11514815
7 0.71890104 0.42343981 0.16798958 0.19221296
7 0.73266146 0.22522222 0.07651042 0.2015
7 0.84074219 0.22593981 0.10807812 0.17558333
7 0.83669531 0.35979167 0.08865104 0.20437963