7 0.47547656 0.20223611 0.16664063 0.19489815
7 0.58780208 0.17705093 0.0985 0.12893519
7 0.31184115 0.49832407 0.21453646 0.24611111
7 0.2495026 0.80560648 0.15463021 0.38308333
7 0.23271875 0.31216667 0.14523958 0.30655556
7 0.33715365 0.26553704 0.14232813 0.18048148
7 0.5603776 0.41279167 0.20158854 0.22956481
7 0.73427604 0.23144907 0.08057292 0.21876852
7 0.65726302 0.31259722 0.12483854 0.10708333
7 0.56329167 0.60709722 0.21413542 0.25978704
7 0.69735417 0.51469444 0.20783333 0.15903704
7 0.53949219 0.8780787 0.13398437 0.24384259
7 0.43553906 0.8927963 0.12305729 0.21440741
7 0.38815885 0.7858287 0.18701562 0.34541667
7 0.67596615 0.79403241 0.17293229 0.37047222