7 0.47547656 0.20223611 0.16664063 0.19489815
7 0.58679167 0.17644907 0.0985 0.12893519
7 0.23263281 0.31087963 0.14936979 0.30662963
7 0.33804167 0.26165741 0.13803125 0.18925926
7 0.73198437 0.22193519 0.07651042 0.2015
7 0.84079427 0.22106944 0.10807812 0.17558333
7 0.83545052 0.3549213 0.08865104 0.20437963
7 0.64892187 0.32037963 0.12953125 0.11514815
7 0.71838542 0.42314352 0.16798958 0.19221296
7 0.51339583 0.46373148 0.1724375 0.31383333
7 0.29917969 0.49222685 0.18620312 0.24762037
7 0.35844271 0.67789352 0.22304167 0.27852778
7 0.09079427 0.6286713 0.13399479 0.23899074
7 0.1199401 0.80569907 0.18295313 0.24906481