7 0.17185417 0.21091204 0.17891667 0.22021296
7 0.35815104 0.19191204 0.14045833 0.12665741
7 0.11179427 0.39002778 0.11698437 0.14896296
7 0.10302344 0.49137963 0.11941146 0.1432037
7 0.0911875 0.76912037 0.08338542 0.35333333
7 0.2927474 0.36587963 0.19875521 0.21516667
7 0.29639063 0.54290741 0.20522917 0.18566667
7 0.19696615 0.79459722 0.13164063 0.41080556
7 0.56201563 0.15249074 0.14410417 0.18422222
7 0.71151823 0.2042963 0.13722396 0.16551852
7 0.59161458 0.33023611 0.17891667 0.16623148
7 0.77377083 0.32303704 0.14977083 0.17487037
7 0.88023177 0.26043056 0.08824479 0.13097222
7 0.46432552 0.38073148 0.12338021 0.3152037
7 0.55783073 0.50033796 0.18409896 0.19084259
7 0.36280208 0.80798148 0.25259375 0.38403704
7 0.51897135 0.82482407 0.13844271 0.35035185
7 0.68096875 0.67645833 0.12532292 0.39041667
7 0.78664844 0.72182407 0.10579688 0.18838889
7 0.8121276 0.48924074 0.11415104 0.21085185
7 0.90482292 0.38921296 0.08945833 0.12233333
7 0.95392969 0.55976389 0.07432813 0.19430556
7 0.90400781 0.69873148 0.07974479 0.35440741
7 0.97732552 0.81313426 0.04534896 0.27482407