7 0.17319792 0.20751852 0.17891667 0.2202037
7 0.1118724 0.38347222 0.11698438 0.14896296
7 0.10863281 0.48781481 0.11941146 0.1432037
7 0.06835677 0.6918287 0.13277604 0.22884259
7 0.08839323 0.8969213 0.12913021 0.18278704
7 0.35960677 0.18952778 0.14046354 0.12664815
7 0.29402865 0.36547685 0.19875521 0.21517593
7 0.29605208 0.54214815 0.20522917 0.18566667
7 0.2630625 0.80768981 0.2250625 0.32671296
7 0.42801302 0.93874537 0.28780729 0.12250926
7 0.56503646 0.1535463 0.14410417 0.18422222
7 0.59296875 0.32949537 0.17891667 0.16623148
7 0.55653385 0.49537037 0.17973437 0.1942963
7 0.57835417 0.80581944 0.24085417 0.24971296
7 0.71339323 0.19816204 0.13722396 0.16550926
7 0.77471875 0.32662037 0.14977083 0.17487037
7 0.88239323 0.25789352 0.08824479 0.13097222
7 0.90850521 0.39390278 0.08945833 0.12234259
7 0.81317448 0.48781481 0.11415104 0.21085185
7 0.94752604 0.56294444 0.09351042 0.1942963
7 0.77710938 0.71874537 0.12669792 0.19789815
7 0.94574479 0.76991204 0.09027083 0.20941667
7 0.79070833 0.93155093 0.21898958 0.13689815
7 0.94372135 0.91248148 0.10646354 0.17503704