7 0.17476563 0.2325 0.17891667 0.2202037
7 0.35896094 0.20845833 0.14046354 0.12665741
7 0.11820052 0.39483333 0.11698438 0.14896296
7 0.11381771 0.49437963 0.11941667 0.1432037
7 0.21082812 0.7827037 0.13551042 0.41255556
7 0.55796615 0.17827778 0.14410938 0.18422222
7 0.7062526 0.21869444 0.13722396 0.16551852
7 0.76203385 0.3287963 0.14977604 0.17487037
7 0.86930469 0.26978241 0.08824479 0.13097222
7 0.77716667 0.704125 0.10579167 0.18839815
7 0.80119531 0.48924074 0.11415104 0.21085185
7 0.89632292 0.39064815 0.08945833 0.12233333
7 0.94186458 0.54896759 0.07852083 0.19430556
7 0.53075 0.28473611 0.10079167 0.12521296
7 0.53378646 0.46680093 0.18620833 0.35117593
7 0.37692969 0.48011574 0.14694271 0.28569444
7 0.439875 0.55028241 0.13439583 0.22884259
7 0.56054167 0.68168056 0.16475 0.18278704
7 0.49310417 0.82659259 0.18580208 0.34681481
7 0.33888021 0.81112037 0.20280208 0.37775926
7 0.67182031 0.72514815 0.14005729 0.26338889
7 0.63316406 0.46680556 0.19632813 0.28785185
7 0.90320052 0.70291667 0.07609896 0.33462963