7 0.17476563 0.21436574 0.17891667 0.22021296
7 0.35977083 0.19334722 0.14045833 0.12665741
7 0.20596094 0.79219444 0.13550521 0.41255556
7 0.56455469 0.15126852 0.14004688 0.16857407
7 0.71839844 0.20574074 0.13722396 0.16551852
7 0.8854974 0.26618981 0.08824479 0.13097222
7 0.78785156 0.73003241 0.10579688 0.18839815
7 0.13765625 0.47173148 0.10160417 0.25481481
7 0.26597656 0.33971296 0.16313021 0.17487037
7 0.33709896 0.30351852 0.09836458 0.14464815
7 0.4121849 0.29702315 0.11981771 0.18058333
7 0.51836458 0.32636574 0.15139583 0.2375463
7 0.10304687 0.76753704 0.08986458 0.38572222
7 0.32042188 0.587625 0.1214375 0.35837963
7 0.39470052 0.50339352 0.10889063 0.26489815
7 0.50298177 0.56096296 0.23882812 0.28216667
7 0.63502344 0.54351389 0.13155729 0.2619537
7 0.67947135 0.69014352 0.12791146 0.39802778
7 0.7274401 0.38900926 0.16798437 0.22740741
7 0.83611719 0.44693981 0.07203646 0.21949074
7 0.91546615 0.5235787 0.10281771 0.24036111
7 0.85677083 0.6221713 0.1214375 0.16263889
7 0.55641406 0.83519444 0.16920313 0.32961111
7 0.35179167 0.81930556 0.2351875 0.36138889