7 0.17476563 0.21436574 0.17891667 0.22021296
7 0.35936719 0.18793056 0.14046354 0.11006481
7 0.20693229 0.79219444 0.13551042 0.41255556
7 0.57432292 0.12788889 0.12354167 0.12903704
7 0.71475521 0.21292593 0.13722917 0.17992593
7 0.88589844 0.26618981 0.08824479 0.13097222
7 0.78833854 0.73003241 0.10579167 0.18839815
7 0.40441667 0.29110185 0.13641667 0.20875926
7 0.5329375 0.28431481 0.17648958 0.33896296
7 0.64607552 0.27278704 0.11131771 0.22524074
7 0.36919792 0.60454167 0.17041667 0.4454537
7 0.45035938 0.50091204 0.13034375 0.23675
7 0.56600781 0.56006481 0.12791146 0.23172222
7 0.63757552 0.5117037 0.19794271 0.26266667
7 0.69533854 0.75652778 0.12669792 0.26338889
7 0.53880729 0.81468519 0.24976042 0.37062963