7 0.17865365 0.20227778 0.17892187 0.2202037
7 0.36220052 0.1789537 0.14046354 0.11442593
7 0.68763281 0.18630556 0.08381771 0.13525926
7 0.75280469 0.18199074 0.12186979 0.22092593
7 0.7742526 0.70585185 0.12523438 0.18496296
7 0.21566146 0.28856481 0.16615625 0.36487037
7 0.714625 0.38701389 0.14690625 0.22287963
7 0.7985651 0.47509722 0.16321354 0.33678704
7 0.8609349 0.30514815 0.15796354 0.24040741
7 0.88716667 0.53934722 0.15563542 0.2870463
7 0.93088281 0.74349537 0.09501563 0.26113889
7 0.86734896 0.90958796 0.11191667 0.18082407
7 0.94503906 0.905375 0.10992187 0.18925
7 0.47708854 0.75587963 0.22208333 0.26124074
7 0.35555469 0.90123148 0.18769271 0.19753704
7 0.49603385 0.96133333 0.31593229 0.07733333
7 0.598625 0.85173148 0.20984375 0.21668519