7 0.17476563 0.21436574 0.17891667 0.22021296
7 0.35855469 0.18723148 0.14046354 0.11442593
7 0.56302865 0.15188889 0.14004687 0.16857407
7 0.71475521 0.2042963 0.13722917 0.16551852
7 0.89095573 0.24819444 0.07732812 0.09787037
7 0.78348177 0.72830093 0.10579687 0.18839815
7 0.3998151 0.29575926 0.13115104 0.1752963
7 0.51785417 0.32382407 0.14863542 0.22451852
7 0.37115885 0.5073287 0.14475521 0.26856481
7 0.49735417 0.5620787 0.242875 0.27806481
7 0.64657813 0.54446296 0.166125 0.25301852
7 0.72007031 0.37468519 0.15106771 0.18307407
7 0.81853385 0.24783333 0.07480729 0.11225926
7 0.85933854 0.34800463 0.1428125 0.16925
7 0.80920833 0.50940278 0.1535 0.31950926
7 0.88653906 0.532375 0.14669271 0.24612037
7 0.55427344 0.83339815 0.16920313 0.3332037
7 0.68202865 0.68653241 0.12791146 0.39802778
7 0.90732292 0.78453704 0.18535417 0.43092593