7 0.1733099 0.20918519 0.17892187 0.2202037
7 0.3577474 0.18399074 0.14046354 0.11442593
7 0.56201302 0.14649074 0.14004687 0.16857407
7 0.68845573 0.19061111 0.08381771 0.13525926
7 0.7501875 0.18521296 0.11617708 0.22092593
7 0.78008073 0.71189815 0.11453646 0.18838889
7 0.18377344 0.3022037 0.12823437 0.33585185
7 0.3000651 0.31463426 0.21858854 0.30476852
7 0.39886458 0.2856713 0.13290625 0.1699537
7 0.51632031 0.32085185 0.14630729 0.2342963
7 0.37496615 0.49805556 0.15155729 0.26953704
7 0.60241406 0.51339352 0.16029687 0.23637963
7 0.66455208 0.64981944 0.13057292 0.38134259
7 0.71957813 0.37349537 0.15563542 0.17626852
7 0.80182552 0.48090741 0.15796354 0.32746296
7 0.86034635 0.30256481 0.15854687 0.23316667
7 0.88628646 0.54038889 0.15446875 0.2942963