7 0.26314323 0.0600787 0.13074479 0.12015741
7 0.05119271 0.33064352 0.09666667 0.25906481
7 0.15942187 0.31969907 0.23355208 0.63087963
7 0.40294531 0.08584259 0.17136979 0.17168519
7 0.53176823 0.09412963 0.12007812 0.18825926
7 0.66029427 0.14594444 0.14980729 0.29188889
7 0.33678646 0.38670833 0.22675 0.47978704
7 0.46765625 0.40691667 0.1690625 0.39377778
7 0.69905729 0.37427315 0.24132292 0.21450926
7 0.86244531 0.25240741 0.13698437 0.27668519
7 0.96048958 0.3499213 0.07286458 0.23212037
7 0.93609115 0.55821296 0.12781771 0.30259259
7 0.73716927 0.70452315 0.18409896 0.46123148