7 0.18414323 0.23349537 0.07674479 0.21675
7 0.28347917 0.19243519 0.11997917 0.17798148
7 0.41414583 0.2429537 0.15204167 0.21511111
7 0.52198438 0.19809259 0.10832292 0.36183333
7 0.63759115 0.31856019 0.12872396 0.32297222
7 0.82339062 0.40663889 0.1214375 0.2607963
7 0.90791146 0.49511111 0.07286458 0.22374074
7 0.90038281 0.71708796 0.17341146 0.30137963
7 0.6681901 0.54524074 0.21325521 0.18738889
7 0.687625 0.82201389 0.16272917 0.35597222
7 0.08869271 0.45020833 0.08986458 0.23237963
7 0.03523958 0.69377315 0.07047917 0.21675
7 0.20017188 0.49640741 0.22538542 0.44912963
7 0.36435677 0.55167593 0.18264062 0.40940741
7 0.47583594 0.57110185 0.13552604 0.33255556