7 0.1523099 0.2398287 0.14896354 0.19717593
7 0.4170026 0.17588889 0.10807812 0.20085185
7 0.58661198 0.19460185 0.18094271 0.28288889
7 0.82078385 0.1967963 0.22101562 0.1647963
7 0.86920052 0.35965278 0.08257813 0.19789815
7 0.90113542 0.529625 0.11860417 0.15256481
7 0.66838021 0.36227315 0.13884375 0.32030556
7 0.74023177 0.52814815 0.15705729 0.27785185
7 0.92184896 0.74105556 0.15630208 0.231
7 0.57916406 0.75760185 0.12507812 0.40083333
7 0.3346276 0.68071296 0.17729688 0.35412963
7 0.31989323 0.37656019 0.21616146 0.29936111
7 0.10228646 0.44214815 0.09959375 0.23540741
7 0.03555469 0.69478241 0.07110938 0.21517593