7 0.15263802 0.25099537 0.15465104 0.21449074
7 0.42670573 0.18043056 0.09997396 0.20487963
7 0.41658333 0.69086574 0.228375 0.26943519
7 0.57861719 0.76133333 0.12872396 0.39637037
7 0.79195833 0.58206019 0.13989583 0.32125
7 0.30684115 0.31380093 0.19423438 0.31610185
7 0.38024219 0.41000463 0.22095312 0.27702778
7 0.57514844 0.18711574 0.14539062 0.30284259
7 0.5374375 0.30749074 0.12852083 0.23275926
7 0.57319271 0.46132407 0.2020625 0.26212963
7 0.72745313 0.30465741 0.1248125 0.28125926
7 0.82814583 0.20300463 0.20880208 0.17750926
7 0.86936719 0.37230093 0.07859896 0.22308333