7 0.81741927 0.22177778 0.20273437 0.17390741
7 0.85688542 0.37380093 0.080625 0.21528704
7 0.71858073 0.31412963 0.12515104 0.26146296
7 0.77686979 0.56581944 0.13998958 0.2950463
7 0.56924479 0.21110185 0.14167708 0.29564815
7 0.4270625 0.18981481 0.09411458 0.17511111
7 0.31172656 0.32075 0.17904687 0.29261111
7 0.38405469 0.41140741 0.21049479 0.25607407
7 0.53601823 0.30975463 0.12717187 0.21349074
7 0.57015625 0.45562963 0.19261458 0.23274074
7 0.42122656 0.66551852 0.21319271 0.24712963
7 0.57488021 0.72881944 0.12514583 0.36041667
7 0.15979948 0.26443981 0.14410938 0.20941667