7 0.1608099 0.23709722 0.14936979 0.20941667
7 0.43323698 0.18564352 0.10646354 0.20725
7 0.5811875 0.22737963 0.14410417 0.34542593
7 0.76314323 0.22486111 0.11374479 0.20222222
7 0.29601302 0.31589815 0.17527604 0.31375926
7 0.37939844 0.41843981 0.22627604 0.2655463
7 0.10252083 0.45428241 0.18701042 0.23460185
7 0.08734115 0.65591667 0.11009896 0.25690741
7 0.17173958 0.61418519 0.14127083 0.231
7 0.57430729 0.49256481 0.21372917 0.23244444
7 0.5386875 0.32668981 0.13601042 0.21732407
7 0.73076042 0.33352778 0.12427083 0.28425926
7 0.78358594 0.62123611 0.13722396 0.33247222
7 0.56358073 0.78976852 0.12831771 0.39075926