7 0.10294271 0.44613889 0.09959375 0.23540741
7 0.15151823 0.24147222 0.14896354 0.19718519
7 0.41794792 0.18276852 0.115375 0.2077963
7 0.57094531 0.2120787 0.14329687 0.35406481
7 0.72420052 0.30059722 0.12921354 0.28237963
7 0.82402083 0.19524074 0.21130208 0.16494444
7 0.86628385 0.34161574 0.07820312 0.24525
7 0.90198437 0.53030093 0.1214375 0.15284259
7 0.786375 0.57909259 0.13989583 0.32124074
7 0.92014844 0.73885185 0.15970313 0.2227963
7 0.39267708 0.41890278 0.23364583 0.27719444
7 0.41647656 0.68962963 0.22490104 0.26942593
7 0.58066406 0.75482407 0.12872396 0.39637037