7 0.16271354 0.18970833 0.1129375 0.13249074
7 0.28476042 0.16851389 0.12710417 0.09715741
7 0.42392448 0.16643056 0.15463021 0.1885463
7 0.64340625 0.18538889 0.22911458 0.18574074
7 0.81402604 0.21493056 0.11051042 0.14967593
7 0.92251042 0.30092593 0.09269792 0.22237037
7 0.9514375 0.53407407 0.097125 0.33462963
7 0.06344531 0.53621296 0.12689063 0.55490741
7 0.14267448 0.75353704 0.14005729 0.22962963
7 0.33394271 0.83558796 0.30076042 0.32882407
7 0.58098698 0.82788889 0.20725521 0.34422222
7 0.75059375 0.81697222 0.23802083 0.27777778
7 0.89598177 0.82334259 0.20803646 0.21955556