7 0.16532552 0.20608796 0.15432812 0.16967593
7 0.1251875 0.32510648 0.12413542 0.16671296
7 0.11405729 0.51611111 0.19430208 0.32683333
7 0.58159115 0.19449537 0.14613021 0.29073148
7 0.53078906 0.34259259 0.18660937 0.21444444
7 0.57086458 0.4465787 0.21170833 0.23532407
7 0.57896354 0.67218056 0.31290625 0.43465741
7 0.74229427 0.23105093 0.14896354 0.21732407
7 0.72306771 0.50810648 0.10808333 0.43034259
7 0.80766927 0.55560185 0.08783854 0.4432963
7 0.57936719 0.88087963 0.11050521 0.20005556