7 0.16878646 0.18502778 0.12508333 0.13464815
7 0.28710677 0.16642593 0.12548438 0.10218519
7 0.41935156 0.16168056 0.14613021 0.18278704
7 0.53565104 0.158875 0.14167708 0.18206481
7 0.65089323 0.18611111 0.22303646 0.20012963
7 0.81394271 0.21284259 0.1129375 0.14896296
7 0.91152604 0.55611111 0.17694792 0.33462963
7 0.89533333 0.8360463 0.20933333 0.20509259
7 0.07983854 0.60997222 0.15967708 0.34261111
7 0.22484896 0.43654167 0.18134375 0.18573148
7 0.2268724 0.55672222 0.18134896 0.18574074
7 0.12952083 0.74634259 0.16880208 0.2282037
7 0.33466927 0.82968519 0.29914062 0.34062963