7 0.89071875 0.81758333 0.2185625 0.221
7 0.95367708 0.5337037 0.09264583 0.32740741
7 0.92313021 0.30056019 0.09269792 0.22236111
7 0.81261979 0.21564815 0.11051042 0.14968519
7 0.6438099 0.18575 0.22992187 0.18646296
7 0.42279427 0.168875 0.15544271 0.18423148
7 0.16607292 0.18765741 0.13034375 0.13457407
7 0.28313802 0.17099537 0.12872396 0.10082407
7 0.06171875 0.3674537 0.09634375 0.20588889
7 0.07902865 0.62472222 0.15805729 0.34909259
7 0.22505208 0.44733333 0.17284375 0.20012963
7 0.46946615 0.40822222 0.20684896 0.20005556
7 0.75958073 0.47723611 0.18782813 0.21949074
7 0.14550781 0.74778241 0.13196354 0.22675
7 0.33616667 0.83487037 0.30116667 0.33025926