7 0.12445833 0.27138889 0.16191667 0.20085185
7 0.17214583 0.17110185 0.13115625 0.10290741
7 0.29366406 0.16847685 0.14491146 0.10441667
7 0.54908854 0.15016204 0.15058333 0.1194537
7 0.53653906 0.24983333 0.16596354 0.22237037
7 0.74270052 0.17722222 0.22142187 0.16838889
7 0.76828125 0.30092593 0.10727083 0.17342593
7 0.91320052 0.28113889 0.09755729 0.13385185
7 0.8619401 0.4686713 0.27611979 0.21876852
7 0.9564974 0.58086574 0.08700521 0.17199074
7 0.85369271 0.67441204 0.19389583 0.22380556
7 0.8631276 0.82668519 0.15705729 0.21085185
7 0.95811719 0.81434722 0.08376562 0.1569537
7 0.30252083 0.3137963 0.16953125 0.14333333
7 0.07628385 0.48872685 0.09557812 0.15408333
7 0.06080729 0.58176389 0.12161458 0.18139815
7 0.03446615 0.72269444 0.06893229 0.14342593
7 0.13819792 0.73818519 0.14392708 0.22738889
7 0.2295599 0.55027778 0.17372396 0.18640741
7 0.23028906 0.44008333 0.17653646 0.18490741
7 0.4754349 0.37100926 0.17473437 0.21055556
7 0.57194531 0.55383796 0.28402604 0.33825
7 0.57106771 0.83049537 0.32146875 0.33900926