7 0.12140104 0.11963426 0.17709375 0.23926852
7 0.28484115 0.03351389 0.14710937 0.06702778
7 0.53795573 0.08119907 0.18295312 0.16239815
7 0.75588281 0.05196296 0.22980729 0.10392593
7 0.78938021 0.11121296 0.10845833 0.14285185
7 0.93403385 0.13828241 0.09604687 0.13450926
7 0.87682812 0.28029167 0.24634375 0.21113889
7 0.98036979 0.41834722 0.03926042 0.17241667
7 0.90098177 0.47759722 0.19803646 0.24108333
7 0.91960156 0.66538426 0.16079688 0.23250926
7 0.46456771 0.16524074 0.19065625 0.20661111
7 0.2870651 0.12963426 0.17729688 0.13389815
7 0.19921615 0.24840278 0.18541146 0.16986111
7 0.05326302 0.38796759 0.10652604 0.25337963
7 0.19092708 0.35522222 0.18822917 0.21668519
7 0.09495833 0.57147222 0.18991667 0.2907963
7 0.57386198 0.66037963 0.41005729 0.45264815
7 0.5748724 0.32143519 0.33435938 0.38788889