7 0.16563281 0.17722222 0.12379688 0.10674074
7 0.2881849 0.17206481 0.14640104 0.10014815
7 0.16371354 0.25872222 0.23140625 0.23148148
7 0.16522917 0.31658796 0.24388542 0.25367593
7 0.30117187 0.31716667 0.16225 0.13377778
7 0.0984401 0.51358796 0.12177604 0.23867593
7 0.54286198 0.13608333 0.14843229 0.12533333
7 0.52852865 0.23263426 0.16765104 0.22608333
7 0.46494531 0.36486574 0.17271354 0.20749074
7 0.56040885 0.52738426 0.28740104 0.33702778
7 0.55821615 0.82336111 0.33226563 0.35327778
7 0.73733854 0.14568056 0.22432292 0.16252778
7 0.91628906 0.24612963 0.10322396 0.12833333
7 0.76432292 0.26771296 0.10558333 0.16911111
7 0.83776042 0.43208796 0.24017708 0.22908333
7 0.95915625 0.5441713 0.0816875 0.17150926
7 0.85439062 0.64672222 0.20947917 0.23148148
7 0.89219792 0.80054167 0.21560417 0.21649074