7 0.0565625 0.69541667 0.113125 0.32124074
7 0.18884635 0.86670833 0.17253646 0.2300463
7 0.2654974 0.68329167 0.34799479 0.46632407
7 0.38061979 0.4522037 0.23898958 0.22175926
7 0.43372135 0.55551852 0.20634896 0.21968519
7 0.41034896 0.5620463 0.00233333 0.00207407
7 0.54878646 0.69054167 0.26638542 0.25491667
7 0.59308854 0.87428704 0.28154167 0.25142593
7 0.65478125 0.47126389 0.17122917 0.1705463
7 0.79038542 0.46802315 0.15503125 0.16839815
7 0.64769531 0.60511574 0.17325521 0.31160185
7 0.82548177 0.63203241 0.18701562 0.21300926
7 0.9056276 0.46327778 0.11415104 0.36916667
7 0.95783333 0.59539815 0.08433333 0.35118519
7 0.96997917 0.78394444 0.06004167 0.13385185
7 0.81953125 0.79041667 0.19065625 0.17559259
7 0.8573776 0.86094444 0.16110937 0.2417963