7 0.43897656 0.56350463 0.21420312 0.28850926
7 0.61869531 0.53548148 0.21227604 0.1942963
7 0.56379687 0.63738426 0.29094792 0.23056481
7 0.50988542 0.84999537 0.42114583 0.30000926
7 0.90893229 0.51428241 0.11755208 0.46123148
7 0.95519531 0.59933333 0.08960937 0.3532963
7 0.1667474 0.26356481 0.23077604 0.24935185
7 0.30775 0.17522222 0.11080208 0.10037037
7 0.29860417 0.29783333 0.16758333 0.1907037
7 0.15065104 0.47446759 0.22870833 0.32247222
7 0.17777344 0.1822963 0.14613021 0.11809259