7 0.17011979 0.1820787 0.12514583 0.10313889
7 0.29847396 0.17968056 0.11738542 0.09834259
7 0.16641146 0.26933333 0.23241667 0.24407407
7 0.29830469 0.29962037 0.16765104 0.1955
7 0.15005208 0.4708287 0.22870833 0.32323148
7 0.54118229 0.15689352 0.1460625 0.16071296
7 0.73672917 0.15862963 0.22432292 0.14872222
7 0.761625 0.27294907 0.10794792 0.1685463
7 0.91156771 0.24894444 0.10220833 0.13492593
7 0.906 0.40636574 0.09310417 0.17150926
7 0.95789062 0.54518981 0.08421875 0.16971296
7 0.4412526 0.55603704 0.22101563 0.27461111
7 0.6167526 0.59377315 0.21032812 0.32987963
7 0.50988802 0.8025 0.41823437 0.395