7 0.17398958 0.18004167 0.10055208 0.10880556
7 0.14727344 0.37343519 0.16078646 0.35759259
7 0.2653125 0.30866667 0.12775 0.25742593
7 0.03829948 0.61912037 0.07659896 0.18748148
7 0.0332474 0.77494444 0.06649479 0.15457407
7 0.17763281 0.75689815 0.23024479 0.28324074
7 0.19099219 0.56600926 0.18409896 0.27814815
7 0.7551901 0.28280556 0.16321354 0.22798148
7 0.82052604 0.23531019 0.09278125 0.22452778
7 0.90577604 0.23185648 0.15835417 0.25215741
7 0.90577344 0.44083333 0.12338021 0.28842593
7 0.95627604 0.56562037 0.08744792 0.20466667
7 0.77195052 0.44299537 0.16272396 0.18565741
7 0.68815885 0.50689815 0.29825521 0.2132963
7 0.81518229 0.6562963 0.17632292 0.16148148
7 0.8149375 0.77973611 0.19527083 0.17193519
7 0.96624479 0.77801389 0.06751042 0.14084259
7 0.84869792 0.85616204 0.16758333 0.23497222