7 0.15141927 0.31495833 0.17163021 0.3130463
7 0.26468229 0.32589352 0.132125 0.28065741
7 0.03465625 0.61825463 0.0693125 0.18575
7 0.03514063 0.77153704 0.07028125 0.14516667
7 0.16573177 0.758625 0.21324479 0.29187963
7 0.18321875 0.56125926 0.18507292 0.26174074
7 0.48909635 0.29394907 0.22635937 0.39810185
7 0.35226042 0.52800926 0.183125 0.31614815
7 0.42803906 0.81864352 0.30845312 0.30137963
7 0.75397656 0.27719444 0.16078646 0.21848148
7 0.81979687 0.23185648 0.0874375 0.24352778
7 0.89776042 0.38556944 0.09471875 0.17962037
7 0.95823177 0.54575926 0.08353646 0.1752963
7 0.96770312 0.76635185 0.06459375 0.14516667
7 0.85501302 0.86523148 0.17535938 0.25655556
7 0.8149401 0.78060648 0.19624479 0.17193519
7 0.81907031 0.65668519 0.18409896 0.1537963
7 0.78410677 0.4589537 0.15011979 0.19857407
7 0.77049219 0.541875 0.12580729 0.12780556
7 0.63423958 0.53282407 0.19041667 0.3237963
7 0.61359375 0.75041667 0.20741667 0.27027778