3 0.08581771 0.76787037 0.12033333 0.33127778
3 0.13346615 0.44857407 0.13102604 0.25168519
3 0.19861198 0.22039352 0.13346354 0.17525
3 0.38842187 0.17813426 0.15902083 0.1925463
3 0.60995052 0.17531944 0.16916146 0.1990463
3 0.80426302 0.20705556 0.13427604 0.17885185
3 0.86734115 0.43566204 0.14035938 0.24663889
3 0.92575781 0.72557407 0.11926563 0.30433333
3 0.64905729 0.42081019 0.1926875 0.27115741
3 0.64869271 0.77389352 0.23609375 0.40097222
3 0.31605208 0.79949537 0.22879167 0.38293519
3 0.35276302 0.43566204 0.20242188 0.27115741