5 0.1215026 0.24971759 0.09732813 0.16412037
5 0.24809896 0.22134722 0.13311458 0.17812037
5 0.41305729 0.19335648 0.16102083 0.18828704
5 0.59196875 0.18763426 0.16817708 0.18193519
5 0.76336458 0.20480556 0.14169792 0.16794444
5 0.88788802 0.24806481 0.11164063 0.16794444
5 0.93476563 0.43763426 0.11092708 0.21628704
5 0.81238802 0.423 0.15816146 0.26335185
5 0.62095312 0.41918519 0.20896875 0.27862963
5 0.40089063 0.423 0.20395833 0.28116667
5 0.19728906 0.43190278 0.16030729 0.25826852
5 0.06954427 0.45353704 0.09804688 0.22264815
5 0.0338776 0.71562037 0.06775521 0.26081481
5 0.16544271 0.74233796 0.16102083 0.34223148
5 0.38586198 0.77477778 0.24690104 0.39694444
5 0.63991667 0.76333333 0.24260417 0.39694444
5 0.86964063 0.7327963 0.15672917 0.35114815
5 0.97364323 0.70035185 0.05271354 0.26081481