5 0.89182552 0.24869907 0.10806771 0.17175
5 0.94013281 0.42618056 0.11736979 0.22137963
5 0.98079948 0.67872685 0.03840104 0.25317593
5 0.91007552 0.77987037 0.14026562 0.31298148
5 0.77660677 0.60366204 0.18965104 0.32950926
5 0.73151823 0.19272222 0.14527604 0.17938889
5 0.58338021 0.17172685 0.16388542 0.17556481
5 0.42307552 0.173 0.16674479 0.18066667
5 0.25382552 0.201625 0.14599479 0.18447222
5 0.1225026 0.24997222 0.10949479 0.16412963
5 0.3114349 0.33839352 0.17390104 0.24173148
5 0.16150781 0.40645833 0.13597396 0.2404537
5 0.05594792 0.44971759 0.09947917 0.22010185
5 0.03352083 0.7130787 0.06704167 0.28371296
5 0.13789062 0.79577315 0.158875 0.33206481
5 0.35938281 0.81932407 0.23688021 0.36135185
5 0.63097135 0.82441204 0.25620313 0.35117593
5 0.82777604 0.37083796 0.14169792 0.2404537