5 0.89110937 0.25124537 0.10377083 0.17175
5 0.7333099 0.18826852 0.14742187 0.17557407
5 0.82169271 0.35938889 0.15529167 0.24809259
5 0.80236979 0.57949074 0.18535417 0.30407407
5 0.66317708 0.36193056 0.1875 0.25063889
5 0.58195052 0.1704537 0.15958854 0.17811111
5 0.42271615 0.16791204 0.16459896 0.18065741
5 0.47531771 0.40518519 0.2096875 0.27353704
5 0.61665885 0.66472685 0.23329688 0.37023148
5 0.41627604 0.82059722 0.26479167 0.35880556
5 0.2774401 0.58521296 0.20038021 0.32824074
5 0.12357552 0.758875 0.14026563 0.32187963
5 0.03029948 0.71625463 0.06059896 0.27226852
5 0.04914844 0.44653704 0.09732813 0.21627778
5 0.15757031 0.41027315 0.13239063 0.2455463
5 0.31322396 0.33203241 0.17747917 0.22391667
5 0.25132031 0.20671296 0.14384896 0.17938889
5 0.12071354 0.25633333 0.09876042 0.17685185