5 0.42271875 0.17406481 0.16088542 0.1757963
5 0.12347396 0.31312963 0.11316667 0.19572222
5 0.24713802 0.34493981 0.16156771 0.23026852
5 0.46864062 0.43188889 0.207375 0.28796296
5 0.66988542 0.37335185 0.18529167 0.25233333
5 0.74085156 0.20755556 0.14397396 0.17961111
5 0.88708073 0.29772685 0.11002604 0.19125
5 0.96347917 0.73475463 0.07304167 0.27850926
5 0.82613542 0.59731944 0.16811458 0.30613889
5 0.60157812 0.79884259 0.25482292 0.40231481
5 0.25390104 0.69839352 0.20083333 0.36867593
5 0.09233333 0.73984259 0.1239375 0.31340741