5 0.2381276 0.66256019 0.19192188 0.34563889
5 0.30389844 0.36107407 0.17326563 0.2417963
5 0.41949219 0.17525926 0.16099479 0.17364815
5 0.58097656 0.17525463 0.16197396 0.17713889
5 0.73132031 0.18843056 0.14184896 0.17015741
5 0.82296094 0.36461111 0.14332813 0.23124074
5 0.79954688 0.574125 0.17915625 0.30628704
5 0.66579427 0.36033796 0.18160938 0.24869444
5 0.48109375 0.39951389 0.207625 0.26963889
5 0.61705469 0.66478704 0.23315104 0.37783333
5 0.41546615 0.81869444 0.25916146 0.36261111
5 0.92056771 0.78155093 0.13076042 0.3205463