5 0.75627865 0.205875 0.14281771 0.17634259
5 0.87558854 0.2476713 0.10705208 0.17515741
5 0.89790625 0.42160185 0.12032292 0.22966667
5 0.96727344 0.74731019 0.06545313 0.28237963
5 0.86109375 0.78609259 0.15884375 0.34418519
5 0.61124219 0.80124074 0.25461979 0.39751852
5 0.24260417 0.81124074 0.20110417 0.37751852
5 0.04648177 0.74940278 0.09296354 0.28547222
5 0.11035156 0.48583333 0.11964063 0.25148148
5 0.11733594 0.3037037 0.10396354 0.19518519
5 0.23544531 0.23614352 0.13975521 0.18730556
5 0.420875 0.17402778 0.16088542 0.1757963