3 0.03008594 0.69309722 0.06017187 0.27312037
3 0.12472135 0.7533287 0.13610938 0.30219444
3 0.30814323 0.78396296 0.22606771 0.3697037
3 0.56896615 0.80630556 0.24300521 0.38738889
3 0.80408594 0.76163426 0.18751562 0.35412037
3 0.95797656 0.69621296 0.08404687 0.28142593
3 0.8884375 0.2615 0.10546875 0.19472222
3 0.76308854 0.21101852 0.13873958 0.18174074
3 0.60589583 0.18397222 0.16915625 0.17812963
3 0.42334896 0.18506019 0.15942708 0.18462037
3 0.26270833 0.21927315 0.14319792 0.18252778
3 0.12194271 0.25353241 0.1066875 0.16593519