3 0.02996875 0.69563889 0.0599375 0.26596296
3 0.1350026 0.71230556 0.13844271 0.3427037
3 0.18290104 0.42355556 0.150125 0.24311111
3 0.253 0.21430093 0.14194792 0.17560185
3 0.11776823 0.25635648 0.10865104 0.17041667
3 0.06110677 0.44484259 0.09113021 0.20468519
3 0.76123698 0.21037037 0.13922396 0.18433333
3 0.88682812 0.25623611 0.10709375 0.19125
3 0.80164062 0.4366713 0.15480208 0.2665463
3 0.93769792 0.46523148 0.09784375 0.22846296
3 0.96313021 0.71966204 0.07373958 0.26826852
3 0.82841667 0.76293519 0.17621875 0.3427037