5 0.1359349 0.25331019 0.10994271 0.18769444
5 0.26870573 0.2075 0.14381771 0.18333333
5 0.45841667 0.17621759 0.16344792 0.18586111
5 0.68174479 0.19401852 0.15510417 0.17888889
5 0.8621276 0.22892593 0.11632813 0.17364815
5 0.92986458 0.45361574 0.10847917 0.23036111
5 0.96333854 0.72019444 0.07332292 0.27661111
5 0.78359375 0.80527315 0.19977083 0.37521296
5 0.49964583 0.81127778 0.26554167 0.37744444
5 0.19090885 0.79480093 0.17670312 0.36475
5 0.04403906 0.75387963 0.08807813 0.28709259
5 0.07507031 0.48381019 0.10258854 0.24084259