3 0.02791146 0.7102963 0.05582292 0.26596296
3 0.05922917 0.45724074 0.091125 0.20468519
3 0.11763802 0.26265278 0.10865104 0.17041667
3 0.25113542 0.22774537 0.14332292 0.18682407
3 0.17260156 0.43280556 0.14823438 0.25662963
3 0.34071354 0.49956019 0.20271875 0.30812037
3 0.59619271 0.59776852 0.22284375 0.36824074
3 0.81952604 0.69811574 0.16688542 0.35078704
3 0.96620833 0.74393056 0.06758333 0.28184259
3 0.94370573 0.49131019 0.09915104 0.22862037
3 0.89241406 0.27447222 0.10651562 0.19807407
3 0.76872396 0.22996759 0.13890625 0.19110185