5 0.03630729 0.73482407 0.07261458 0.27777778
5 0.14971875 0.78624074 0.15584375 0.35412963
5 0.36180208 0.79767593 0.23641667 0.40464815
5 0.66366927 0.820875 0.25032812 0.35825
5 0.86736458 0.79968981 0.15870833 0.34467593
5 0.9690625 0.73860648 0.061875 0.27632407
5 0.88130729 0.24130556 0.10636458 0.17668519
5 0.76739844 0.21112037 0.13866146 0.17598148
5 0.59724219 0.18239815 0.16647396 0.18105556
5 0.43035417 0.18021296 0.16402083 0.18251852
5 0.26163021 0.20785185 0.14152083 0.1767037
5 0.14239844 0.24820833 0.10757813 0.18325