5 0.0761276 0.47883333 0.10430729 0.23942593
5 0.19559896 0.46005093 0.15986458 0.26365741
5 0.14174219 0.24977315 0.11009896 0.17882407
5 0.26138281 0.20705556 0.14418229 0.17942593
5 0.04524219 0.74776852 0.09048437 0.28185185
5 0.1633724 0.78830093 0.16345313 0.36308333
5 0.75340885 0.20806944 0.14086979 0.17800926
5 0.86355208 0.22953241 0.10896875 0.17626852
5 0.9332526 0.45335185 0.10798437 0.23124074
5 0.79783073 0.44585185 0.16001563 0.26614815
5 0.96466146 0.72560648 0.07067708 0.28010185
5 0.85986979 0.78887037 0.15854167 0.3472963