5 0.20030208 0.20233796 0.12369792 0.17176852
5 0.12609635 0.43166667 0.13030729 0.2462963
5 0.08579427 0.74455093 0.11955729 0.31169444
5 0.37452604 0.1885 0.15855208 0.1867037
5 0.92092969 0.76443981 0.12074479 0.31623148
5 0.86061719 0.44873148 0.13723437 0.2555
5 0.82065365 0.22290278 0.12516146 0.17102778
5 0.60596094 0.19855556 0.16884896 0.18237037
5 0.63197656 0.446375 0.20124479 0.28184259
5 0.66265365 0.81502778 0.24296354 0.36994444
5 0.31342188 0.81153704 0.22872917 0.37692593
5 0.3332526 0.45021296 0.19780729 0.29057407