3 0.0629401 0.43668981 0.09923438 0.20356481
3 0.12283073 0.24785648 0.10749479 0.1640463
3 0.25903646 0.20466667 0.14332292 0.17364815
3 0.17633073 0.40318056 0.14479687 0.2530463
3 0.34346094 0.39881481 0.20124479 0.26701852
3 0.41059896 0.16785185 0.16197917 0.17451852
3 0.58157552 0.16858333 0.16033854 0.18033333
3 0.58361979 0.37255556 0.19142708 0.26687037
3 0.78956771 0.43508796 0.15665625 0.25669444
3 0.93804427 0.46526852 0.09857812 0.22833333
3 0.88896094 0.2572963 0.10675521 0.19051852
3 0.7609375 0.21184722 0.13784375 0.18106481