3 0.05685938 0.50318056 0.09836458 0.21884259
3 0.18373177 0.48585185 0.15373438 0.26398148
3 0.14986458 0.77956944 0.15903125 0.33623148
3 0.03929688 0.7319213 0.07859375 0.25350926
3 0.34688542 0.80991667 0.24561458 0.38016667
3 0.39400781 0.45495833 0.19967187 0.29434259
3 0.61252865 0.44401852 0.20320313 0.29948148
3 0.79806771 0.47021759 0.15844792 0.26802778
3 0.92970833 0.47648148 0.10366667 0.25759259
3 0.96397135 0.73977315 0.07205729 0.29015741
3 0.82727865 0.81572685 0.16786979 0.3685463
3 0.6028099 0.79425926 0.23442188 0.41148148