3 0.08561719 0.50981944 0.10743229 0.23875
3 0.21814323 0.37725463 0.15054687 0.23497222
3 0.2725651 0.18877315 0.15196354 0.15706481
3 0.37576042 0.29746759 0.16751042 0.21863889
3 0.53938542 0.32259259 0.19366667 0.25633333
3 0.66342969 0.22961111 0.17033854 0.22114815
3 0.81433333 0.33893056 0.14842708 0.22617593
3 0.71929427 0.47772222 0.19339062 0.28974074
3 0.77947396 0.79502315 0.18798958 0.3674537
3 0.55025 0.62224537 0.2311875 0.38315741
3 0.34876302 0.56421759 0.20713021 0.3229537
3 0.16911719 0.6501713 0.16492187 0.32208333