3 0.08780208 0.7424213 0.12057292 0.30780556
3 0.06957292 0.509875 0.10304167 0.22139815
3 0.14433594 0.29701852 0.11723438 0.18974074
3 0.26664323 0.18022685 0.13468229 0.16947222
3 0.36996354 0.26431481 0.16915625 0.19903704
3 0.52959115 0.17775926 0.16550521 0.1932963
3 0.68670312 0.19356481 0.152125 0.20192593
3 0.85698958 0.29758333 0.12184375 0.19198148
3 0.92610417 0.51164352 0.10892708 0.23747222
3 0.93089844 0.762125 0.12618229 0.30076852
3 0.6695026 0.81948148 0.22717188 0.36103704
3 0.36363542 0.80194907 0.23446875 0.3865463