3 0.06726302 0.5073287 0.10094271 0.22817593
3 0.14472135 0.29236574 0.12126562 0.1895463
3 0.28559635 0.19358333 0.15071354 0.16927778
3 0.45470573 0.24109259 0.17914063 0.20337037
3 0.68934115 0.19003241 0.14798437 0.1964537
3 0.84876302 0.28392593 0.12607813 0.19385185
3 0.94952344 0.64023611 0.10095312 0.25619444
3 0.77710677 0.47925463 0.17183854 0.27865741
3 0.54077083 0.51906019 0.22489583 0.34269444
3 0.68607552 0.78647222 0.22051563 0.39116667
3 0.2927526 0.76353704 0.22051562 0.37818519
3 0.23603906 0.44593056 0.15772396 0.26913889