3 0.07065365 0.76556944 0.10405729 0.29493519
3 0.05961198 0.48154167 0.09178646 0.21378704
3 0.17029427 0.39079167 0.12859896 0.24171296
3 0.12513802 0.27037037 0.10798438 0.17712963
3 0.2561901 0.19542593 0.14086979 0.17362963
3 0.3332526 0.35108796 0.18063021 0.23036111
3 0.20146094 0.62124074 0.16982813 0.3185
3 0.35265625 0.82693981 0.24885417 0.34612037
3 0.51142448 0.49122685 0.21842187 0.33769444
3 0.49228125 0.19969907 0.17179167 0.17013889
3 0.68788021 0.1927963 0.15019792 0.19459259
3 0.81525521 0.20885185 0.12172917 0.1657963
3 0.91391406 0.36635648 0.11289062 0.18760185
3 0.84936719 0.44759722 0.14135938 0.2434537
3 0.96039323 0.61418056 0.07921354 0.24169444
3 0.87783594 0.724125 0.14184896 0.33769444
3 0.6881276 0.79576389 0.22332812 0.3935463
3 0.68665625 0.41312963 0.1840625 0.26875926