3 0.04625 0.76694907 0.0925 0.26093519
3 0.05739844 0.48511574 0.09178646 0.22076852
3 0.12273177 0.25719444 0.10503646 0.17625926
3 0.15973958 0.3667037 0.13105208 0.23298148
3 0.25599479 0.18389815 0.13497917 0.17277778
3 0.36466667 0.24035185 0.16639583 0.20418519
3 0.51169531 0.168625 0.15956771 0.16491667
3 0.68763802 0.18494444 0.14872396 0.18587037
3 0.81159896 0.20003704 0.12422917 0.16840741
3 0.92326302 0.32962037 0.09222396 0.17451852
3 0.83959635 0.38065278 0.13497396 0.2329537
3 0.95158073 0.51505093 0.09683854 0.23473148
3 0.97538802 0.74454167 0.04922396 0.25915741
3 0.88254687 0.71094444 0.14332292 0.32461111
3 0.73627865 0.83758333 0.21891146 0.32483333
3 0.54853385 0.69653241 0.23413021 0.40397222
3 0.34383073 0.82755093 0.24880729 0.34489815
3 0.16366667 0.73424537 0.15608333 0.32460185