3 0.03735156 0.71512037 0.07470313 0.24359259
3 0.14444271 0.78274537 0.14847917 0.32213889
3 0.08165625 0.435125 0.10553125 0.23058333
3 0.13094531 0.24933796 0.10757813 0.17313889
3 0.25811198 0.19417593 0.13866146 0.16651852
3 0.21946094 0.41087037 0.17097396 0.22614815
3 0.42053906 0.18970833 0.16320313 0.1789537
3 0.58476562 0.17229167 0.16197917 0.17887963
3 0.75777865 0.20646296 0.14069271 0.18614815
3 0.88233594 0.24064352 0.10430729 0.16434259
3 0.94634896 0.46751852 0.09898958 0.22542593
3 0.81586719 0.44752315 0.14643229 0.24650926
3 0.96969792 0.72384722 0.06060417 0.25523148
3 0.84225 0.78052778 0.16975 0.37601852
3 0.61646875 0.8032037 0.23845833 0.39359259
3 0.37472917 0.79843981 0.23273958 0.40312037
3 0.41195052 0.42421759 0.20001563 0.26402778
3 0.62014583 0.41334722 0.19592708 0.27560185