5 0.15113021 0.22325 0.11092708 0.17938889
5 0.27708333 0.19844907 0.1366875 0.17302778
5 0.43309375 0.17681944 0.15815625 0.17812037
5 0.60520833 0.18636111 0.16460417 0.1742963
5 0.75871354 0.19524537 0.13526042 0.18197222
5 0.88789063 0.23852315 0.10305208 0.17684259
5 0.93977344 0.44017593 0.10949479 0.22392593
5 0.81310417 0.42426852 0.151 0.27353704
5 0.96863542 0.69526389 0.06272917 0.25826852
5 0.84852865 0.72643519 0.17175521 0.34351852
5 0.61522917 0.42427315 0.20467708 0.29389815
5 0.64098958 0.77096296 0.23616667 0.39185185
5 0.39874479 0.41473148 0.195375 0.29516667
5 0.40017708 0.75569444 0.24546875 0.40203704
5 0.21947396 0.42172685 0.158875 0.26336111
5 0.08564583 0.43508333 0.11020833 0.22646296
5 0.04532813 0.69653704 0.09065625 0.26844444
5 0.17367188 0.7347037 0.16603125 0.34224074