3 0.08813802 0.71626852 0.13488021 0.30994444
3 0.14291406 0.40161111 0.13605729 0.24816667
3 0.2018151 0.20789352 0.13017188 0.16649074
3 0.38676302 0.18433333 0.15608854 0.18638889
3 0.35613542 0.40422685 0.19495833 0.26806481
3 0.34023177 0.77752778 0.22911979 0.3842963
3 0.67360937 0.777 0.220875 0.39790741
3 0.92269792 0.72045833 0.11720833 0.30156481
3 0.86605729 0.41094907 0.1305625 0.23647222
3 0.81338802 0.20919907 0.12369271 0.17102778
3 0.61459896 0.17604167 0.15903125 0.18499074
3 0.64355208 0.41469907 0.19435417 0.27486111