5 0.1421849 0.22134259 0.09732813 0.17557407
5 0.25310938 0.18763426 0.13454167 0.17684259
5 0.41985937 0.17046296 0.16315625 0.18574074
5 0.58946354 0.16727315 0.17032292 0.17175
5 0.72901563 0.3186713 0.16889583 0.25063889
5 0.78340365 0.19590278 0.13310938 0.17812037
5 0.89254167 0.24487963 0.1080625 0.17938889
5 0.95002865 0.44781019 0.09994271 0.21882407
5 0.85854687 0.50379167 0.14598958 0.27989815
5 0.96469792 0.69271759 0.07060417 0.25826852
5 0.8739349 0.7970463 0.15672396 0.31933333
5 0.67426823 0.82568519 0.24260937 0.34862963
5 0.4259375 0.77668981 0.24976042 0.40330556
5 0.21696875 0.81932407 0.1939375 0.36135185
5 0.03352083 0.73343056 0.06704167 0.26589815
5 0.1264401 0.5559537 0.12881771 0.28244444
5 0.24452083 0.37783333 0.16745833 0.26209259
5 0.05702083 0.44081481 0.09589583 0.20992593