5 0.0464375 0.4615463 0.092875 0.21374074
5 0.15864323 0.40264352 0.14313021 0.25317593
5 0.2176849 0.19590278 0.13382812 0.18065741
5 0.29747917 0.28623148 0.17747917 0.229
5 0.46207813 0.20099074 0.1731875 0.19338889
5 0.63311979 0.27478241 0.16889583 0.20865741
5 0.77123958 0.26014815 0.1445625 0.20483333
5 0.87536719 0.23025 0.10663021 0.17048148
5 0.89540365 0.40391667 0.12523438 0.22518519
5 0.92438802 0.6399213 0.12595312 0.27226852
5 0.79485677 0.50569907 0.17175521 0.27608333
5 0.8073776 0.81676389 0.18392188 0.35369444
5 0.59347135 0.82810185 0.25977604 0.3437963
5 0.60735677 0.50696759 0.22042188 0.32697222
5 0.41019271 0.4490787 0.20395833 0.29771296
5 0.22949219 0.57630556 0.17748437 0.31298148
5 0.34542969 0.80978241 0.23902604 0.34480556
5 0.08815365 0.67172685 0.13096354 0.28243519