5 0.20030208 0.21615741 0.12369792 0.17177778
5 0.1416276 0.45429167 0.13309896 0.26641667
5 0.08438802 0.76903704 0.11956771 0.32051852
5 0.38901823 0.18851389 0.16492187 0.18673148
5 0.35721354 0.42223148 0.19880208 0.28361111
5 0.33028385 0.79765741 0.23510938 0.40468519
5 0.68485677 0.81033333 0.22794271 0.37933333
5 0.64804427 0.43218519 0.20144271 0.29109259
5 0.62153906 0.18925 0.16256771 0.18638889
5 0.83258073 0.22202778 0.11956771 0.17801852
5 0.87834635 0.45888426 0.13429687 0.25863889
5 0.93371354 0.74788889 0.116625 0.29842593