7 0.31070573 0.21126389 0.18701563 0.1669537
7 0.40955729 0.18693981 0.12103125 0.16191667
7 0.50358854 0.2145 0.15908333 0.15616667
7 0.64433594 0.22543981 0.13155729 0.16263889
7 0.73432031 0.24900463 0.11374479 0.22963889
7 0.24108333 0.33467593 0.14734375 0.15040741
7 0.22104427 0.47680556 0.14046354 0.18853704
7 0.31442969 0.50321759 0.08379687 0.19862037
7 0.21598438 0.66103241 0.19267708 0.16119444
7 0.35138802 0.62001389 0.13155729 0.1885463
7 0.50407552 0.6475 0.24854688 0.21085185
7 0.46189583 0.51134722 0.1809375 0.13960185
7 0.48059635 0.3672037 0.21534896 0.2202037
7 0.67603125 0.36166204 0.16798958 0.14680556
7 0.67704427 0.48759722 0.20077604 0.20293519
7 0.71416146 0.67628704 0.18215625 0.20653704