5 0.20028646 0.22514815 0.12369792 0.17177778
5 0.14179687 0.465375 0.13311458 0.27015741
5 0.08613281 0.78050926 0.11956771 0.32051852
5 0.32603646 0.8089213 0.23707292 0.38215741
5 0.35289062 0.43449537 0.19880208 0.28362037
5 0.3904349 0.19672222 0.16492188 0.18674074
5 0.61955729 0.19951852 0.16541667 0.18935185
5 0.83233594 0.22700463 0.12074479 0.17626852
5 0.87970313 0.48005556 0.13105208 0.2547963
5 0.93222135 0.76365278 0.11632812 0.31063889
5 0.68533073 0.8198287 0.22922396 0.36034259
5 0.64827083 0.44602315 0.20123958 0.30017593