5 0.02784115 0.72246296 0.05568229 0.25392593
5 0.05853906 0.45601389 0.09573437 0.23569444
5 0.1272474 0.24615741 0.10552604 0.17024074
5 0.18050521 0.35783333 0.13940625 0.22437037
5 0.31720312 0.20339815 0.1506875 0.18944444
5 0.58578646 0.19366667 0.16786458 0.16666667
5 0.63771875 0.41199074 0.19682292 0.27487037
5 0.44776302 0.33385185 0.19290104 0.25837037
5 0.27940625 0.51622222 0.18896875 0.31422222
5 0.46469792 0.65104167 0.24148958 0.38315741
5 0.12219271 0.63651389 0.134 0.2914537
5 0.23164844 0.84050926 0.19682813 0.31898148