7 0.30010156 0.20413889 0.16353646 0.31807407
7 0.43934896 0.22608333 0.11901042 0.17055556
7 0.53042708 0.23939815 0.16030208 0.30224074
7 0.68299219 0.28229167 0.17568229 0.41450926
7 0.19865885 0.43305093 0.13155729 0.2439537
7 0.29139583 0.42973611 0.14289583 0.22812037
7 0.37053385 0.45744444 0.17892188 0.38572222
7 0.52192708 0.51609722 0.22263542 0.27130556
7 0.25314323 0.6675787 0.26392188 0.28065741
7 0.49800521 0.79646296 0.17082292 0.2712963
7 0.66477865 0.620875 0.17568229 0.31015741
7 0.73136719 0.70255556 0.13236979 0.26194444