5 0.36883854 0.85228704 0.24541667 0.29542593
5 0.58480469 0.75300926 0.23854687 0.40575926
5 0.40457031 0.53363426 0.21498437 0.33856481
5 0.58406771 0.36121296 0.19191667 0.26090741
5 0.7565 0.50876389 0.18259375 0.30976852
5 0.79036979 0.84404167 0.194375 0.31191667
5 0.97838021 0.75435648 0.04323958 0.25313889
5 0.96414844 0.51268981 0.07170313 0.22862037
5 0.90350521 0.65536111 0.13105208 0.29581481
5 0.84902604 0.37918519 0.13890625 0.23037037
5 0.92019531 0.31330556 0.09669271 0.18237037
5 0.71870573 0.24131481 0.15411979 0.2007037