5 0.12464583 0.24908333 0.1035625 0.18848148
5 0.23559375 0.2104213 0.136 0.18325
5 0.77083333 0.20893981 0.14234375 0.18673148
5 0.8822526 0.24401852 0.10503646 0.17538889
5 0.94996094 0.48616667 0.10007813 0.23909259
5 0.96321354 0.75885185 0.07357292 0.28533333
5 0.8523125 0.81208333 0.16786458 0.35340741
5 0.58455208 0.41198148 0.19975 0.2827037
5 0.37595573 0.42508333 0.19780729 0.29144444
5 0.06648177 0.46696759 0.09620313 0.23386111
5 0.02735156 0.73572685 0.05470312 0.26526852
5 0.12047396 0.8020463 0.13841667 0.34205556