7 0.31488021 0.23014815 0.11982292 0.25625926
7 0.45691667 0.17650463 0.0959375 0.15256481
7 0.46363542 0.34277315 0.19632292 0.22099074
7 0.58426302 0.18409259 0.15746354 0.20157407
7 0.70848698 0.38375463 0.14490104 0.33247222
7 0.65409115 0.41941204 0.22020312 0.26489815
7 0.19121094 0.54035185 0.09674479 0.30368519
7 0.28694531 0.5741713 0.14977604 0.25762037
7 0.23189323 0.76019444 0.14005729 0.14896296
7 0.43161719 0.7619213 0.28011979 0.28425
7 0.43428906 0.83827315 0.19105729 0.1410463
7 0.38632031 0.52631481 0.13479687 0.21805556
7 0.50346875 0.5841713 0.11375 0.21228704
7 0.62514844 0.63746296 0.14289063 0.20588889