5 0.08719531 0.65448611 0.11544271 0.29319444
5 0.12546354 0.38981944 0.11984375 0.21676852
5 0.24326563 0.19349074 0.13047917 0.17459259
5 0.39329687 0.20181481 0.16852083 0.19342593
5 0.58766927 0.19675926 0.16647396 0.19277778
5 0.74330729 0.20006944 0.14234375 0.17743519
5 0.88830729 0.31496296 0.11003125 0.19633333
5 0.95236198 0.54037037 0.09527604 0.243
5 0.87483073 0.73773148 0.14418229 0.32540741
5 0.6748125 0.79760648 0.23348958 0.40478704
5 0.43222396 0.8093287 0.250875 0.38134259
5 0.21679948 0.77924537 0.19020313 0.37691667