5 0.09642708 0.36382407 0.1030625 0.19459259
5 0.05691146 0.58481481 0.09767708 0.25575926
5 0.19508073 0.58263426 0.16786979 0.31771296
5 0.23729427 0.32564815 0.15216146 0.22085185
5 0.42135937 0.28638426 0.1875 0.22086111
5 0.61155729 0.30693519 0.1840625 0.23909259
5 0.77721354 0.31871296 0.15608333 0.21901852
5 0.89820573 0.33224074 0.10552604 0.20244444
5 0.95241667 0.58005556 0.09516667 0.2547963
5 0.82114583 0.60318056 0.17130208 0.31150926
5 0.62824479 0.58747222 0.21842708 0.34642593
5 0.4068776 0.56561574 0.22332813 0.34476852