7 0.23705208 0.302875 0.22325 0.38652778
7 0.3043776 0.32100926 0.14805729 0.35855556
7 0.25220573 0.58059259 0.08684896 0.20207407
7 0.420375 0.35987037 0.18303125 0.37409259
7 0.47720573 0.61375463 0.34916146 0.28497222
7 0.48915625 0.31168056 0.167875 0.39171296
7 0.55094531 0.18266667 0.11774479 0.17512963
7 0.62491406 0.21406944 0.07344271 0.18963889
7 0.71846875 0.30733333 0.1393125 0.37824074
7 0.6531849 0.47883333 0.23141146 0.44559259
7 0.77069792 0.49925 0.08977083 0.14714815
7 0.83510937 0.31374074 0.11133333 0.31085185