5 0.1057474 0.27343981 0.10061979 0.17234259
5 0.05192187 0.48824537 0.08876042 0.23269444
5 0.02749479 0.73838889 0.05498958 0.26905556
5 0.12043229 0.78202315 0.13825 0.33886111
5 0.29447396 0.82156481 0.22373958 0.35687037
5 0.58492969 0.8263287 0.25809896 0.34734259
5 0.93801302 0.46792593 0.10651562 0.23037037
5 0.95833073 0.74190741 0.08333854 0.27751852
5 0.87922656 0.26762037 0.10798437 0.18251852
5 0.73565625 0.23635648 0.15338542 0.18978704
5 0.57347656 0.21890278 0.16933854 0.19997222
5 0.39493229 0.22471759 0.16729167 0.19997222