3 0.12489063 0.25082407 0.10248958 0.16859259
3 0.2969375 0.223125 0.14607292 0.18021296
3 0.37615885 0.41003704 0.20909896 0.29435185
3 0.10280208 0.48066667 0.11014583 0.21988889
3 0.14026302 0.76658333 0.15078646 0.34146296
3 0.52458854 0.80577778 0.25857292 0.38844444
3 0.69004167 0.540875 0.20909375 0.30471296
3 0.89565365 0.77134259 0.14546354 0.32564815
3 0.88889063 0.48338889 0.12015625 0.23561111
3 0.87475521 0.26454167 0.10484375 0.18325
3 0.73309896 0.29019444 0.15019792 0.19266667
3 0.52105469 0.17868056 0.15961979 0.18743519