3 0.12135677 0.25919907 0.10130729 0.16649074
3 0.14744792 0.37071759 0.12545833 0.20628704
3 0.26583854 0.44244444 0.182 0.28690741
3 0.12065104 0.63197685 0.13429167 0.3120463
3 0.03234635 0.74873148 0.06469271 0.26492593
3 0.45903385 0.51940741 0.22558854 0.31727778
3 0.63732552 0.37386111 0.18848437 0.23664815
3 0.78269271 0.27333796 0.13546875 0.18115741
3 0.88046615 0.23825926 0.10248438 0.16335185
3 0.97822396 0.74035185 0.04355208 0.25653704
3 0.88105729 0.74297222 0.14725 0.31203704
3 0.69917187 0.64663426 0.20851042 0.34869444