3 0.03270052 0.73511574 0.06540104 0.26387963
3 0.07052344 0.44977778 0.09895313 0.22094444
3 0.11440625 0.26286111 0.10307292 0.16544444
3 0.2274974 0.21730093 0.12781771 0.17071296
3 0.16624219 0.79480093 0.16550521 0.3434537
3 0.50845052 0.8172963 0.27271354 0.36540741
3 0.46280208 0.18537963 0.17552083 0.1842963
3 0.75288802 0.21469444 0.13841146 0.16544444
3 0.88070052 0.23406944 0.10425521 0.16439815
3 0.94136979 0.44977315 0.09954167 0.21047222
3 0.9773099 0.74140278 0.04538021 0.24921296
3 0.83122656 0.78328241 0.17493229 0.36230556