3 0.03289062 0.73551389 0.06578125 0.25880556
3 0.06917969 0.44803241 0.10356771 0.22337963
3 0.11502344 0.25898611 0.10356771 0.16500926
3 0.22644531 0.21491667 0.13006771 0.17111111
3 0.19945052 0.40906944 0.15755729 0.25400926
3 0.14004687 0.77205556 0.14771875 0.32559259
3 0.32392708 0.7826713 0.2243125 0.37958333
3 0.38184635 0.38869444 0.19388021 0.2547963
3 0.39234896 0.18001389 0.15461458 0.16413889
3 0.55878125 0.18712037 0.17275 0.17627778
3 0.5850026 0.41871759 0.19927604 0.25391667
3 0.57444792 0.80381481 0.24885417 0.39237037