3 0.42749219 0.82436574 0.26259896 0.35126852
3 0.41644792 0.49820833 0.20909375 0.31326852
3 0.45998698 0.19401852 0.16541146 0.20592593
3 0.626625 0.19838426 0.15903125 0.17800926
3 0.77451302 0.20981481 0.13694271 0.17277778
3 0.89511198 0.25597222 0.10013021 0.19022222
3 0.95180729 0.48241204 0.09375 0.23123148
3 0.98019792 0.7306713 0.03960417 0.24956481
3 0.88701302 0.77865741 0.13596354 0.31238889
3 0.83022656 0.49733796 0.16099479 0.25741667
3 0.64085937 0.51906019 0.20713542 0.29406481
3 0.68307812 0.82430556 0.23561458 0.35138889