3 0.10157552 0.30274537 0.10356771 0.17887963
3 0.22728125 0.2638287 0.13841667 0.21378704
3 0.42116146 0.18485648 0.16590625 0.17975
3 0.62755729 0.18660185 0.15952083 0.17103704
3 0.77726302 0.19837963 0.13694271 0.16492593
3 0.89555469 0.25161111 0.10454688 0.18761111
3 0.8015599 0.39209722 0.15510938 0.25567593
3 0.91710156 0.55448611 0.11191146 0.26352778
3 0.97980469 0.7184537 0.04039062 0.25392593
3 0.82536458 0.7455 0.17522917 0.36387037
3 0.68179427 0.51426389 0.20222396 0.33071296
3 0.50234375 0.34331944 0.19928125 0.23386111
3 0.29747135 0.38599074 0.17670312 0.28359259
3 0.08959896 0.5138287 0.11436458 0.24432407
3 0.08709635 0.76958333 0.10700521 0.3342037
3 0.22507031 0.74593519 0.17326563 0.35601852
3 0.41104948 0.63607407 0.22480729 0.34118519
3 0.57965104 0.83134722 0.25180208 0.33730556