3 0.04640625 0.4964213 0.08098958 0.2304537
3 0.09328125 0.30575463 0.10013542 0.18769444
3 0.14751823 0.37949074 0.12418229 0.24964815
3 0.20372135 0.20278704 0.11976563 0.15977778
3 0.28372656 0.27521759 0.15804688 0.21562037
3 0.42209375 0.17185185 0.16148958 0.17364815
3 0.6314375 0.17752778 0.16295833 0.17451852
3 0.77795052 0.20108796 0.13498438 0.16230556
3 0.89629167 0.25824537 0.10307292 0.18499074
3 0.86463281 0.37080556 0.12614063 0.21814815
3 0.95158073 0.53485648 0.09683854 0.23560185
3 0.98004948 0.75606019 0.03990104 0.25393519
3 0.73284375 0.60946296 0.20222917 0.34468519
3 0.85653906 0.82327315 0.16589062 0.3534537
3 0.65234375 0.86864815 0.2444375 0.2627037
3 0.43367708 0.81498611 0.24885417 0.37002778
3 0.22109375 0.83876389 0.19535417 0.32247222
3 0.05278646 0.78093056 0.09080208 0.30541667