3 0.20207552 0.20636111 0.12025521 0.16877778
3 0.28572135 0.26271759 0.15747396 0.20586111
3 0.42070313 0.1585463 0.16115625 0.17088889
3 0.62664844 0.1625463 0.16156771 0.16433333
3 0.77001562 0.18421296 0.13457292 0.1417963
3 0.88311458 0.30092593 0.10880208 0.19342593
3 0.79639583 0.36528241 0.14561458 0.23341667
3 0.92319792 0.51762037 0.10880208 0.24433333
3 0.89477083 0.74013426 0.13211458 0.31123148
3 0.74527083 0.55070833 0.19469792 0.33667593
3 0.14059896 0.43668519 0.13546875 0.23909259
3 0.06034635 0.67752778 0.10454687 0.27748148
3 0.16631771 0.75091204 0.15657292 0.33769444
3 0.26914844 0.4852037 0.17866146 0.2897037
3 0.43505208 0.37133333 0.18652083 0.26788889
3 0.6150026 0.36425 0.18698438 0.27053704
3 0.56585938 0.66888426 0.2311875 0.35863889
3 0.35308333 0.73127778 0.21989583 0.39790741