0 0.75284375 0.24176389 0.14316667 0.22239815
0 0.87828125 0.26569444 0.11180208 0.20361111
0 0.92906771 0.47233333 0.11316667 0.25572222
0 0.95839844 0.72865741 0.08320313 0.2932963
0 0.81232292 0.48596759 0.16463542 0.29389815
0 0.83585937 0.801375 0.170125 0.35267593
0 0.61120573 0.80645833 0.23415104 0.38708333
0 0.59332031 0.47051389 0.18338021 0.32723148
0 0.38382813 0.46481944 0.16190625 0.32176852
0 0.3637526 0.80433796 0.20826563 0.39132407
0 0.15429427 0.78471296 0.13429688 0.37751852
0 0.20797917 0.47808796 0.12372917 0.29147222
0 0.07419271 0.47324074 0.07839583 0.23451852
0 0.035375 0.7172037 0.07075 0.27753704
0 0.60269271 0.22661111 0.151 0.21996296
0 0.41603906 0.21933796 0.13743229 0.20869444
0 0.25745833 0.23889815 0.11247917 0.19705556
0 0.13483073 0.2764213 0.08384896 0.18325