0 0.80632292 0.78356019 0.18338542 0.36419444
0 0.13517188 0.27757407 0.08248958 0.17512963
0 0.27052604 0.23175926 0.12305208 0.22542593
0 0.40535417 0.21055093 0.16160417 0.20239815
0 0.60627344 0.23448611 0.19872396 0.15210185
0 0.75335417 0.24175926 0.14111458 0.21753704
0 0.87861979 0.28175 0.12509375 0.14846296
0 0.90929688 0.47657407 0.13259375 0.24844444
0 0.74397917 0.47081944 0.17554167 0.25632407
0 0.94215625 0.73689815 0.10941667 0.31087037
0 0.56503125 0.86523611 0.30097917 0.26952778
0 0.27819531 0.85190741 0.25223437 0.29618519
0 0.11322135 0.74532407 0.10157812 0.37509259
0 0.04382813 0.67381944 0.08765625 0.26117593
0 0.08455469 0.44906019 0.11350521 0.17391667
0 0.2364401 0.45657407 0.19190104 0.20724074
0 0.40959635 0.486875 0.14827604 0.35510185
0 0.57408073 0.47415278 0.15205729 0.35025