0 0.51103906 0.30375 0.20213021 0.19633333
0 0.49543229 0.582375 0.16647917 0.39928704
0 0.60521615 0.86254167 0.29000521 0.27491667
0 0.69540885 0.49675 0.22905729 0.21814815
0 0.8545625 0.71330093 0.16075 0.3410463
0 0.13210417 0.27999537 0.08248958 0.17997222
0 0.22233073 0.2355787 0.10123437 0.17512037
0 0.0876901 0.50796296 0.11009896 0.28116667
0 0.11836458 0.71975 0.09578125 0.37266667
0 0.89464844 0.55187037 0.14766146 0.27268519
0 0.90098698 0.40825463 0.13498438 0.21669444
0 0.8813125 0.27278704 0.1239375 0.15851852
0 0.74882812 0.2079213 0.15788542 0.19269444
0 0.71872396 0.32223148 0.1930625 0.17161111
0 0.21943229 0.423125 0.14997917 0.21330556
0 0.35458333 0.52553704 0.14759375 0.37085185
0 0.3585026 0.23375926 0.17110938 0.15694444
0 0.23759896 0.74023148 0.1441875 0.42053704