0 0.7978776 0.25243981 0.15760938 0.16376852
0 0.80097396 0.43044444 0.16234375 0.28053704
0 0.69297135 0.55720833 0.16884896 0.37206481
0 0.83792187 0.758625 0.13872917 0.37576852
0 0.50166406 0.76498611 0.24336979 0.40182407
0 0.30191927 0.60928241 0.19360937 0.32419444
0 0.14052344 0.79652315 0.17622396 0.25875
0 0.19233333 0.43261111 0.17758333 0.20972222
0 0.233375 0.23181019 0.14383333 0.20280556
0 0.38610156 0.25366667 0.17615104 0.17148148
0 0.47165625 0.41278241 0.2125625 0.25632407
0 0.61320573 0.25016204 0.17184896 0.21293519