0 0.35684115 0.23202315 0.16758854 0.16058333
0 0.50611198 0.30471296 0.20479687 0.20507407
0 0.74491146 0.2087963 0.15963542 0.19188889
0 0.87523177 0.26333333 0.12725521 0.16361111
0 0.891 0.40977778 0.13208333 0.24440741
0 0.94104687 0.75820833 0.09061458 0.33226852
0 0.77439583 0.70821296 0.15452083 0.41509259
0 0.50142448 0.76389352 0.24257812 0.40091667
0 0.16539323 0.2527037 0.10623438 0.2182037
0 0.09580208 0.51200463 0.13520833 0.21163889
0 0.23370833 0.73725463 0.19570833 0.33176852
0 0.06114844 0.76451852 0.11646354 0.22774074