0 0.6860026 0.21212037 0.17861979 0.14724074
0 0.05192708 0.74480093 0.10385417 0.21256481
0 0.07853906 0.47354167 0.11210937 0.16967593
0 0.138375 0.24993981 0.11520833 0.13330556
0 0.30986198 0.21485648 0.17145313 0.14058333
0 0.49866406 0.1926713 0.19565104 0.14967593
0 0.87020052 0.25418056 0.12816146 0.14906481
0 0.93666927 0.48050926 0.11861979 0.17512963
0 0.94679167 0.76537963 0.10641667 0.22481481
0 0.77752083 0.82839815 0.232125 0.28177778
0 0.50892448 0.85405556 0.30166146 0.29188889
0 0.2251224 0.80834259 0.21917187 0.29025926