0 0.4283099 0.21897685 0.16197396 0.18906481
0 0.70384896 0.80553241 0.23678125 0.3455463
0 0.03474479 0.73819907 0.06948958 0.27434259
0 0.17904688 0.76830556 0.18730208 0.32575926
0 0.41582552 0.78825463 0.26151563 0.35706481
0 0.21880469 0.44090741 0.18357813 0.23996296
0 0.07096354 0.49264815 0.08305208 0.22094444
0 0.12705729 0.27533333 0.078125 0.18251852
0 0.2406875 0.24144444 0.15338542 0.19851852
0 0.6254974 0.22181944 0.17418229 0.16906481
0 0.62965625 0.45957407 0.209625 0.25638889
0 0.42066146 0.43406944 0.20410417 0.26469444