0 0.31020313 0.79943519 0.22803125 0.37146296
0 0.63611979 0.45951389 0.215875 0.27217593
0 0.6355651 0.21286111 0.16959896 0.19538889
0 0.83396094 0.26186574 0.14202604 0.19441667
0 0.15560937 0.46606481 0.12720833 0.22542593
0 0.08730208 0.7772963 0.11903125 0.3025
0 0.89380208 0.49940741 0.1458125 0.24533333
0 0.90639323 0.76881019 0.15367187 0.26056481
0 0.19189063 0.25896759 0.10226042 0.17743519
0 0.40471094 0.2148287 0.16647396 0.17087963
0 0.37096354 0.4577037 0.19715625 0.26687037
0 0.66163021 0.80204167 0.24303125 0.37934259