5 0.12364844 0.26880093 0.10734896 0.18702778
5 0.23700781 0.24043056 0.13525521 0.19337963
5 0.40840365 0.22261574 0.16459896 0.20356481
5 0.58194531 0.22516204 0.16673438 0.20356481
5 0.75656771 0.22834259 0.14670833 0.17685185
5 0.88502604 0.2633287 0.10878125 0.18065741
5 0.93834115 0.4827963 0.10949479 0.23027778
5 0.81310417 0.46562037 0.1653125 0.27481481
5 0.63741146 0.48851852 0.20467708 0.3027963
5 0.40840365 0.4847037 0.22184896 0.31298148
5 0.20050781 0.48152315 0.16674479 0.27608333
5 0.06668229 0.47898148 0.10233333 0.22264815
5 0.03495052 0.72706944 0.06990104 0.26336111
5 0.15327604 0.80468056 0.1524375 0.34732407
5 0.37583333 0.82631944 0.246875 0.34736111
5 0.63919271 0.82250463 0.25546875 0.35499074
5 0.86534635 0.80213426 0.15958854 0.33206481
5 0.97257031 0.7417037 0.05485937 0.27225926