5 0.07915885 0.36671296 0.10078646 0.19624074
5 0.11583594 0.49924074 0.12404688 0.24288889
5 0.04330729 0.72989352 0.08661458 0.28413889
5 0.17636719 0.71981944 0.17116146 0.33397222
5 0.39642969 0.83313889 0.25942188 0.33372222
5 0.64810156 0.74685648 0.23556771 0.38167593
5 0.84907813 0.811 0.17473958 0.34881481
5 0.97269531 0.71186574 0.05460937 0.26717593
5 0.93197396 0.44734259 0.10436458 0.21735185
5 0.90245312 0.26710185 0.10138542 0.16433333
5 0.79361458 0.21197222 0.13060417 0.17705556
5 0.83476562 0.49293056 0.15804167 0.27884259
5 0.61351042 0.42984722 0.19859375 0.27989815
5 0.66569271 0.23052778 0.16579167 0.19296296
5 0.41909115 0.18069907 0.16757812 0.18660185
5 0.41461979 0.47013426 0.20872917 0.30958333
5 0.25508854 0.36994907 0.17235417 0.24702778
5 0.24166927 0.18705556 0.14313021 0.18024074