5 0.02922656 0.77605093 0.05845313 0.29771296
5 0.13073177 0.83077315 0.14599479 0.3384537
5 0.30284896 0.84222685 0.22113542 0.3155463
5 0.54330469 0.84667593 0.26979688 0.30664815
5 0.53936979 0.48343056 0.216125 0.31806481
5 0.5586901 0.22452778 0.17891146 0.19211111
5 0.38514583 0.21116667 0.17390625 0.19338889
5 0.33004167 0.47452315 0.195375 0.29262037
5 0.16043229 0.49806019 0.14813542 0.27099074
5 0.23307031 0.26460185 0.14313021 0.21374074
5 0.12786979 0.26396759 0.10878125 0.18447222
5 0.04879167 0.49742593 0.09661458 0.23409259