5 0.03101562 0.72706944 0.06203125 0.2684537
5 0.12536458 0.77923148 0.14384375 0.35496296
5 0.30032813 0.807875 0.23757292 0.38425
5 0.54044271 0.81296296 0.25548958 0.37407407
5 0.80995573 0.78650463 0.19143229 0.36047222
5 0.97639323 0.7345463 0.04721354 0.27775926
5 0.87645052 0.26912037 0.11330729 0.1972037
5 0.73063802 0.21663889 0.15207813 0.20462963
5 0.55560156 0.19649537 0.16936979 0.19613889
5 0.39786198 0.1710463 0.16280729 0.17281481
5 0.25175 0.22034722 0.14253125 0.19508333
5 0.13515885 0.2415 0.10734896 0.16974074