5 0.16288802 0.25321759 0.13179687 0.17812037
5 0.36207813 0.22140741 0.17235417 0.1972037
5 0.59675 0.21186574 0.17533333 0.20780556
5 0.60420573 0.50501852 0.21648438 0.317
5 0.80965625 0.238375 0.13239583 0.18236111
5 0.83321354 0.48911574 0.15684375 0.28308333
5 0.87615365 0.82467593 0.16161979 0.33290741
5 0.62239583 0.84872222 0.26597917 0.30255556
5 0.3233125 0.48805556 0.19620833 0.30216667
5 0.11816146 0.48959259 0.12583333 0.25455556
5 0.06896094 0.7679537 0.11211979 0.29155556
5 0.28067448 0.83175926 0.21469271 0.33648148