4 0.12632292 0.28300463 0.08016667 0.14550926
4 0.07298958 0.47845833 0.080375 0.17876852
4 0.03780469 0.70229167 0.06817188 0.20406481
4 0.13210677 0.74748611 0.11134896 0.25506481
4 0.1850651 0.45600463 0.11591146 0.2014537
4 0.24160937 0.24452778 0.10765625 0.147
4 0.39326302 0.22193056 0.12384896 0.14643519
4 0.35150781 0.45321296 0.15054687 0.22925926
4 0.30847396 0.79381944 0.16616667 0.29237963
4 0.56877344 0.81505556 0.19326562 0.3145
4 0.5583776 0.45874537 0.16156771 0.23087963
4 0.55990885 0.22301852 0.13327604 0.15088889
4 0.72105729 0.23783796 0.11759375 0.14593519
4 0.76136198 0.46134259 0.13378646 0.22168519
4 0.91051563 0.47517593 0.088625 0.18533333
4 0.8657526 0.28358796 0.08805729 0.14493519
4 0.94329688 0.73554167 0.08066667 0.22269444
4 0.7974349 0.78048148 0.14003646 0.27622222