4 0.16182031 0.27343981 0.09305729 0.14786111
4 0.11048698 0.48970833 0.09373437 0.19087963
4 0.06924219 0.77239815 0.08282813 0.22905556
4 0.28620052 0.78724074 0.16429688 0.29025926
4 0.33015365 0.46456944 0.14792188 0.23086111
4 0.35283594 0.23916204 0.12443229 0.15813889
4 0.60033594 0.23314352 0.13293229 0.15452778
4 0.81845052 0.26459259 0.09986979 0.14664815
4 0.85322135 0.45880556 0.10873437 0.2017963
4 0.61410677 0.46456019 0.15543229 0.23269444
4 0.618625 0.81531019 0.17669792 0.30715741
4 0.88274219 0.77001852 0.11191146 0.25305556