1 0.13166406 0.23249537 0.09600521 0.1989537
1 0.07140885 0.41825926 0.09835937 0.25235185
1 0.04026823 0.65543056 0.08053646 0.27225
1 0.15121875 0.6920787 0.15432292 0.32250926
1 0.19509896 0.40516667 0.14194792 0.27853704
1 0.24869792 0.19731481 0.12428125 0.20837037
1 0.41526823 0.16914815 0.15196354 0.19581481
1 0.38299219 0.39522222 0.18671354 0.30051852
1 0.36402604 0.72621296 0.225 0.36753704
1 0.63744271 0.74443519 0.22794792 0.37068519
1 0.61270573 0.38789352 0.18553646 0.27958333
1 0.60357552 0.16224074 0.14843229 0.18638889
1 0.76790885 0.19679167 0.12486979 0.21571296
1 0.81355729 0.40621759 0.14077083 0.27852778
1 0.86008594 0.73815278 0.15608854 0.32460185
1 0.96582552 0.704125 0.06834896 0.28167593
1 0.93930729 0.44548148 0.09541667 0.24607407
1 0.88688542 0.23082407 0.09423958 0.20209259