15 0.46142969 0.74371759 0.20041146 0.3209537
15 0.2958099 0.86135185 0.15827604 0.2772963
15 0.05643229 0.72391204 0.09880208 0.4425463
15 0.20129167 0.39599074 0.069625 0.22596296
15 0.77913281 0.29739815 0.12589063 0.18135185
15 0.86683073 0.64008796 0.12140104 0.33534259
15 0.11063542 0.37325 0.1158125 0.22092593
15 0.36059635 0.35237963 0.15831771 0.231
15 0.49539323 0.32216667 0.13969271 0.28711111
15 0.65528385 0.33113889 0.12593229 0.18857407
15 0.74519792 0.69945833 0.15425 0.25258333