1 0.02245313 0.76527315 0.04490625 0.23497222
1 0.09070573 0.80335185 0.13358854 0.30911111
1 0.02891927 0.56586111 0.05783854 0.23372222
1 0.10413542 0.55392593 0.1236875 0.28272222
1 0.0500651 0.37298611 0.08057812 0.18471296
1 0.13876823 0.34659259 0.11521354 0.22492593
1 0.19071875 0.18952778 0.1074375 0.19475926
1 0.10025781 0.21278704 0.08625521 0.13316667
1 0.40205208 0.4094213 0.19225 0.31287963
1 0.59621354 0.39459259 0.18942708 0.31037037
1 0.8038724 0.20209259 0.11803646 0.21487037
1 0.86854688 0.36544444 0.12015625 0.25759259
1 0.90989323 0.58031019 0.13217188 0.27769444
1 0.93251302 0.82031019 0.12369271 0.28775
1 0.97844792 0.54827315 0.04310417 0.24376852
1 0.95477604 0.37486574 0.08340625 0.21612037
1 0.90459115 0.21905556 0.08905729 0.17842593