4 0.1147474 0.33015741 0.08180729 0.15342593
4 0.24841927 0.26438426 0.11207812 0.16150926
4 0.29075521 0.42727315 0.13947917 0.21676852
4 0.55723698 0.31132407 0.14233854 0.18542593
4 0.092375 0.56652315 0.09039583 0.20876852
4 0.18141927 0.78827315 0.13089063 0.27269444
4 0.36957031 0.76063889 0.17861979 0.29692593
4 0.59641667 0.63993056 0.17213542 0.28056481
4 0.78638802 0.81856019 0.14656771 0.28026852
4 0.81592708 0.5230463 0.12242708 0.21814815
4 0.90298958 0.36483796 0.08379167 0.16058333
4 0.76181771 0.25843981 0.10964583 0.15250926