4 0.15630469 0.5898287 0.11289063 0.22949074
4 0.25236198 0.71230093 0.15118229 0.27234259
4 0.2950651 0.42739815 0.14135938 0.21212963
4 0.3119974 0.25462037 0.12320312 0.15453704
4 0.43298958 0.33887037 0.14430208 0.2007037
4 0.57596875 0.31585648 0.13841667 0.18939815
4 0.74418229 0.32098148 0.12270833 0.17712963
4 0.68871615 0.45885185 0.13743229 0.2102963
4 0.39509635 0.57419907 0.16360938 0.25741667
4 0.55850521 0.54256481 0.16238542 0.25814815
4 0.71230208 0.70108333 0.15911458 0.28287037
4 0.54071354 0.8177963 0.1930625 0.30977778