15 0.0961224 0.61950463 0.11560938 0.20293519
15 0.15465625 0.27494907 0.09083333 0.18221296
15 0.26067187 0.24765741 0.13071875 0.20466667
15 0.35223698 0.33228704 0.08845313 0.20638889
15 0.52905208 0.19065278 0.24097917 0.1355463
15 0.73843229 0.18850463 0.13601042 0.25906481
15 0.85061719 0.29688426 0.09233854 0.11830556
15 0.88340625 0.41000463 0.08116667 0.24265741
15 0.94499479 0.62243981 0.11001042 0.26856481
15 0.90820312 0.7442037 0.10346875 0.24438889
15 0.80668229 0.92499537 0.24725 0.15000926
15 0.64370573 0.84135185 0.19623437 0.26942593
15 0.71390365 0.51406481 0.17924479 0.27633333
15 0.80255208 0.53393056 0.12240625 0.29187963
15 0.53245052 0.46527315 0.20795313 0.31347222
15 0.27901042 0.51544907 0.09471875 0.32125
15 0.35090104 0.85444444 0.36382292 0.29111111
15 0.1216276 0.48825 0.07723438 0.2322963
15 0.07086458 0.87171296 0.13504167 0.25657407