1 0.07607552 0.46332407 0.09400521 0.25759259
1 0.18776302 0.43256481 0.13926563 0.26894444
1 0.34748698 0.38542593 0.17599479 0.30031481
1 0.39625781 0.81365278 0.23536979 0.37269444
1 0.62985937 0.8167963 0.23183333 0.36640741
1 0.82380469 0.43606019 0.14135938 0.29026852
1 0.92813021 0.43693981 0.09754167 0.25758333
1 0.66979167 0.39233333 0.17175 0.2865
1 0.51111198 0.496625 0.20497396 0.28147222
1 0.51252865 0.25537037 0.17528646 0.20607407
1 0.57860677 0.15172685 0.14205729 0.21734259
1 0.43442708 0.15924537 0.14489583 0.20732407