4 0.03741406 0.62342593 0.06795313 0.19372222
4 0.09907292 0.44009259 0.0834375 0.17975926
4 0.17613281 0.25597222 0.09522396 0.14485185
4 0.31018229 0.24253241 0.12123958 0.1544537
4 0.49989062 0.18930556 0.1236875 0.14224074
4 0.66432031 0.21722685 0.12369271 0.14223148
4 0.81476302 0.2713287 0.10258854 0.1544537
4 0.91533594 0.41260185 0.08246354 0.17364815
4 0.92245313 0.73023148 0.08589583 0.23124074
4 0.7960625 0.86273148 0.14822917 0.27453704
4 0.54038542 0.81801389 0.19289583 0.30889815
4 0.16950781 0.83581944 0.12713021 0.27137963