1 0.02592708 0.71574537 0.05185417 0.26910185
1 0.10221354 0.60003704 0.12428125 0.29738889
1 0.28592448 0.56841204 0.18553646 0.33926852
1 0.18078646 0.32809722 0.1236875 0.25863889
1 0.11923438 0.25951852 0.0971875 0.21151852
1 0.3328099 0.32098148 0.16609896 0.26492593
1 0.73209375 0.33229167 0.15903125 0.22932407
1 0.74299219 0.584125 0.18671354 0.32041667
1 0.91704427 0.59406944 0.12369271 0.29634259
1 0.97854687 0.74118981 0.04290625 0.24293519
1 0.81897656 0.2720787 0.11956771 0.24502778
1 0.89672135 0.22548148 0.09482812 0.19790741