4 0.02923177 0.7644213 0.05846354 0.19997222
4 0.09361979 0.65462037 0.0883125 0.21305556
4 0.06619531 0.48773611 0.07363021 0.17597222
4 0.11822396 0.28398611 0.07976042 0.14252778
4 0.16129688 0.38993519 0.10430208 0.18251852
4 0.20385677 0.5415463 0.12634896 0.22977778
4 0.29220573 0.781875 0.16398438 0.29013889
4 0.13945313 0.87184722 0.11697917 0.25630556
4 0.4889375 0.87657407 0.1943125 0.24685185
4 0.43148177 0.58226852 0.16774479 0.26324074
4 0.3176276 0.35379167 0.13579688 0.19197222
4 0.26159115 0.21417593 0.10634896 0.13525926