1 0.02863802 0.62064352 0.05727604 0.25382407
1 0.05813542 0.42447222 0.0903125 0.23385185
1 0.12017708 0.25929167 0.09767708 0.20767593
1 0.27332031 0.17420833 0.12614063 0.21378704
1 0.43191146 0.1482963 0.14578125 0.2102963
1 0.57960156 0.14759722 0.14479687 0.22862037
1 0.90338021 0.22841204 0.09423958 0.2010463
1 0.9516901 0.41951389 0.09661979 0.23978704
1 0.96935938 0.71689815 0.06128125 0.27748148
1 0.85095833 0.75721296 0.15903125 0.32461111
1 0.62890365 0.81263889 0.22971354 0.37472222
1 0.39889583 0.81054167 0.23030208 0.37891667