15 0.1330625 0.63106019 0.11366667 0.1699537
15 0.07308073 0.82589352 0.11716146 0.34821296
15 0.80954687 0.91034722 0.15161458 0.17930556
15 0.93769271 0.89428704 0.12461458 0.21142593
15 0.97529167 0.71758796 0.04941667 0.19171296
15 0.52127344 0.89946759 0.30719271 0.20106481
15 0.52622917 0.66059722 0.225 0.30776852
15 0.71861458 0.71033796 0.18076042 0.20828704
15 0.8937474 0.68338889 0.15563021 0.3347037
15 0.8738125 0.38660648 0.09792708 0.20725
15 0.75472396 0.49168056 0.17020833 0.36373148
15 0.28345052 0.7735463 0.18944271 0.23109259
15 0.25698698 0.60670833 0.20051562 0.21036111
15 0.23215365 0.8802963 0.24656771 0.23940741
15 0.16121615 0.2679537 0.08918229 0.17927778
15 0.16020573 0.41613889 0.12589062 0.30944444
15 0.3659401 0.48731019 0.29877604 0.28713889