4 0.52688802 0.30274074 0.14430729 0.18062963
4 0.62564323 0.21068056 0.12713021 0.14136111
4 0.77044271 0.2167963 0.10651042 0.13787037
4 0.86001823 0.33023148 0.09522396 0.15881481
4 0.90370312 0.27482407 0.07657292 0.13874074
4 0.76823177 0.3550787 0.12270312 0.18058333
4 0.67496615 0.44847222 0.14628646 0.2137963
4 0.88358073 0.50300926 0.09620313 0.20244444
4 0.95229688 0.4427963 0.07264583 0.16405556
4 0.97565625 0.6195 0.0486875 0.18935185
4 0.96633073 0.81888889 0.06733854 0.20942593
4 0.84848177 0.7167963 0.12418229 0.25305556