15 0.4225026 0.73323611 0.12338021 0.38773148
15 0.56482813 0.6037037 0.14378125 0.42227778
15 0.47860417 0.482375 0.16078125 0.4939537
15 0.38509896 0.35931481 0.05926042 0.22711111
15 0.0716224 0.87128241 0.14324479 0.25743519
15 0.09632031 0.62183796 0.11415104 0.19430556
15 0.12765104 0.52037037 0.08160417 0.14853704
15 0.12761719 0.34227315 0.15242188 0.31821296
15 0.90655208 0.75223611 0.10152083 0.20812037
15 0.79725781 0.53030093 0.10929688 0.28065741
15 0.9519401 0.63219907 0.09611979 0.24265741
15 0.86113542 0.46424074 0.1875 0.37824074
15 0.82227604 0.30534259 0.20207292 0.2297037
15 0.73751042 0.1956713 0.13940625 0.26425