1 0.10356771 0.73763426 0.13570833 0.30282407
1 0.30854167 0.75622685 0.21769792 0.36439815
1 0.14317448 0.42941667 0.12475521 0.27924074
1 0.20714583 0.19984722 0.11003125 0.20797222
1 0.35627344 0.40503241 0.18036979 0.29882407
1 0.38384896 0.17149074 0.15011458 0.21524074
1 0.59756771 0.16458333 0.15052083 0.1897963
1 0.61372396 0.37837037 0.1885625 0.2785
1 0.63285156 0.75639815 0.22803646 0.38903704
1 0.89582552 0.72064815 0.13566146 0.32601852
1 0.85254687 0.41190741 0.13155208 0.27935185
1 0.79442187 0.20405556 0.11759375 0.21875926