4 0.73516667 0.33306944 0.12516667 0.18106481
4 0.76224219 0.190875 0.10225521 0.13078704
4 0.89534896 0.251625 0.07726042 0.13432407
4 0.9390651 0.48578241 0.07697396 0.18128704
4 0.83527344 0.4849213 0.11447396 0.20602778
4 0.82121354 0.81972222 0.13747917 0.2737037
4 0.96051042 0.79659722 0.07214583 0.22117593
4 0.58755469 0.647625 0.17383854 0.27632407
4 0.55090885 0.3407037 0.14929687 0.19148148
4 0.49003906 0.18759259 0.12810937 0.13331481
4 0.16395052 0.257 0.08947396 0.13992593
4 0.30427083 0.36330093 0.13208333 0.18891667
4 0.3781224 0.548875 0.15992187 0.2530463
4 0.38942708 0.83244907 0.18378125 0.30399074
4 0.19356771 0.77176852 0.13538542 0.27196296
4 0.0261224 0.71759259 0.05224479 0.19124074
4 0.10697656 0.58866667 0.09571354 0.21814815
4 0.07515365 0.42818056 0.07444271 0.16506481