4 0.11895573 0.39690741 0.08833854 0.1732037
4 0.20942708 0.28581019 0.1016875 0.1560463
4 0.09728385 0.64560648 0.09600521 0.21713889
4 0.17959896 0.47391204 0.11532292 0.20906481
4 0.23570052 0.64535648 0.14117188 0.26006481
4 0.30245313 0.35145833 0.12810417 0.18128704
4 0.42734896 0.19871759 0.12725 0.13428704
4 0.43467708 0.36256481 0.14827083 0.20148148
4 0.3827526 0.57263889 0.16360938 0.254
4 0.38589323 0.84785185 0.18938021 0.3042963
4 0.55155208 0.72813426 0.18119792 0.2930463
4 0.71295573 0.67629167 0.15910937 0.27123148
4 0.83832292 0.61520833 0.1194375 0.23341667
4 0.80129948 0.34539815 0.11220313 0.17422222
4 0.72048698 0.44512963 0.13577604 0.21209259
4 0.56710156 0.46406481 0.15793229 0.23077778
4 0.57386198 0.27374074 0.13719271 0.16512963
4 0.69302083 0.2409213 0.1204375 0.15300926