4 0.05911719 0.48286574 0.07280729 0.17234259
4 0.14133333 0.48413426 0.10389583 0.19713889
4 0.22354948 0.58525 0.13498437 0.24214815
4 0.25055469 0.37706019 0.12191146 0.18615741
4 0.3822526 0.28707407 0.13416146 0.16077778
4 0.49248958 0.19454167 0.12720833 0.13815741
4 0.50107292 0.36544907 0.153375 0.19775
4 0.61233333 0.25693519 0.12966667 0.1657963
4 0.73217969 0.34651852 0.12802604 0.1847037
4 0.8411875 0.4730463 0.11126042 0.19633333
4 0.92585677 0.46417593 0.08098438 0.17888889
4 0.63503385 0.47813426 0.15543229 0.23269444
4 0.77083333 0.61157407 0.14070833 0.24796296
4 0.64403385 0.74282407 0.17260938 0.2865
4 0.4929375 0.8727963 0.1930625 0.25440741
4 0.34564583 0.72828241 0.17302083 0.29086111
4 0.49821615 0.59703241 0.17220313 0.26832407
4 0.36225 0.47653704 0.15175 0.22396296