4 0.12977083 0.27068056 0.0831875 0.14063889
4 0.24669271 0.2182963 0.10464583 0.13816667
4 0.36360938 0.19405556 0.11895833 0.13331481
4 0.48546615 0.16406019 0.12339062 0.13149074
4 0.65061198 0.17769907 0.11623438 0.13210185
4 0.76070833 0.26858796 0.11520833 0.16058333
4 0.85648958 0.25283333 0.08589583 0.13755556
4 0.94035417 0.38222685 0.072625 0.15091667
4 0.94068229 0.52006944 0.08010417 0.17815741
4 0.88427083 0.62035648 0.10601042 0.22421296
4 0.86296875 0.84305093 0.1179375 0.26360185
4 0.69321875 0.79518519 0.17042708 0.29268519
4 0.50966667 0.73670833 0.18440625 0.30056481
4 0.33668229 0.83456944 0.17827083 0.29813889
4 0.16386458 0.8482037 0.12747917 0.26783333
4 0.0675625 0.78762963 0.08147917 0.22788889
4 0.09893229 0.56427778 0.092375 0.20427778
4 0.04371094 0.50943519 0.07055729 0.17942593