4 0.1343151 0.24668981 0.08069271 0.1320463
4 0.24584115 0.21599074 0.10594271 0.13598148
4 0.36303125 0.19090278 0.1194375 0.12943519
4 0.48451042 0.16363889 0.12270833 0.1287037
4 0.64202865 0.16843519 0.11575521 0.13161111
4 0.75430729 0.20806481 0.10716667 0.1367037
4 0.87190625 0.22260648 0.07976042 0.12652778
4 0.93530469 0.3680463 0.07403646 0.1497963
4 0.97245833 0.55965278 0.05508333 0.17378704
4 0.97798177 0.77598148 0.04403646 0.20942593
4 0.8389375 0.85081019 0.13047917 0.2639537
4 0.66530208 0.87286574 0.18242708 0.25426852
4 0.40393229 0.87431944 0.19142708 0.25136111
4 0.23541146 0.86341204 0.15297917 0.27317593
4 0.11045312 0.82826852 0.10266667 0.25233333
4 0.033375 0.77343981 0.06425 0.21160185
4 0.05482292 0.58030556 0.07321875 0.19124074
4 0.08390625 0.40655093 0.07771875 0.15713889