4 0.14174219 0.26191204 0.08180729 0.13823148
4 0.25709115 0.23027778 0.10961979 0.14187037
4 0.41170573 0.20908333 0.12925521 0.14688889
4 0.58247396 0.20995833 0.12884375 0.14615741
4 0.73913542 0.2245 0.1149375 0.13307407
4 0.86266146 0.26013426 0.087125 0.13743519
4 0.91440365 0.44374074 0.08507812 0.17888889
4 0.77676562 0.41828704 0.12230208 0.19342593
4 0.60067708 0.44083333 0.15461458 0.21087037
4 0.40230208 0.43234722 0.15789583 0.22247222
4 0.22498177 0.44334259 0.12475521 0.20731481
4 0.0855026 0.46661111 0.08057813 0.1855
4 0.04603125 0.70588889 0.07198958 0.22324074
4 0.177125 0.72766204 0.1329375 0.26839815
4 0.35526823 0.7592037 0.17508854 0.30174074
4 0.58963281 0.77096759 0.18324479 0.30686111
4 0.81950521 0.75008796 0.13088542 0.26906481
4 0.94876302 0.70334259 0.07853646 0.21814815