4 0.19757552 0.2490787 0.09367187 0.13962037
4 0.14198958 0.46854167 0.1014375 0.19487963
4 0.08717969 0.71286574 0.09407812 0.23560185
4 0.39042969 0.76519907 0.18210938 0.30886111
4 0.40246094 0.43581481 0.15314062 0.22425926
4 0.41252083 0.20850463 0.12319792 0.13962037
4 0.66235937 0.20762963 0.12270833 0.13175926
4 0.83439583 0.24340741 0.09375 0.13525926
4 0.88814323 0.44715741 0.09669271 0.18237037
4 0.69524479 0.43319907 0.14185417 0.21902778
4 0.7050625 0.7381713 0.16639583 0.28447222
4 0.91857813 0.70326852 0.09375 0.23385185