15 0.40265365 0.20867593 0.21275521 0.22072222
15 0.27208333 0.53095833 0.09851042 0.2870463
15 0.42451302 0.70246296 0.20284896 0.23005556
15 0.52127344 0.53821296 0.27513021 0.24766667
15 0.7171276 0.56826389 0.28678646 0.38860185
15 0.68798437 0.40401389 0.10026042 0.23626852
15 0.1901849 0.56668981 0.08160937 0.4974537
15 0.73869531 0.25064352 0.16088021 0.18652778
15 0.58276823 0.19261574 0.14980729 0.18030556
15 0.52972656 0.33406481 0.19060937 0.19792593
15 0.36797135 0.40505093 0.12357812 0.2984537