15 0.5600026 0.62075926 0.13429688 0.13305556
15 0.49460156 0.46781019 0.16018229 0.30217593
15 0.37673698 0.34159259 0.19445313 0.37057407
15 0.43304687 0.20791204 0.14339583 0.21263889
15 0.57294271 0.26884259 0.16717708 0.33201852
15 0.61735937 0.40874074 0.09372917 0.31585185
15 0.27671094 0.58283333 0.08533854 0.14424074
15 0.24803125 0.44355556 0.102125 0.12435185
15 0.42150521 0.70407407 0.21123958 0.22259259
15 0.71794531 0.57997222 0.18046354 0.38051852
15 0.7373125 0.25571296 0.15964583 0.1925