15 0.56244792 0.23464815 0.10702083 0.27357407
15 0.32598958 0.59278241 0.22180208 0.23128704
15 0.42954948 0.70531944 0.21194271 0.23502778
15 0.7694974 0.26449074 0.10422396 0.18155556
15 0.78453646 0.50511574 0.08813542 0.30963889
15 0.211625 0.37267593 0.13996875 0.28103704
15 0.64883594 0.2713287 0.17906771 0.29471296
15 0.40888021 0.36894907 0.12317708 0.19647222
15 0.28821875 0.44729167 0.19242708 0.22632407
15 0.39457552 0.29060648 0.22033854 0.35813889
15 0.50929167 0.45723611 0.19515625 0.30093519
15 0.64240104 0.6073287 0.32176042 0.37802778