15 0.69229688 0.25966204 0.18653125 0.17306481
15 0.53229167 0.18038889 0.169625 0.19274074
15 0.32565365 0.2679537 0.15039062 0.22487037
15 0.41921094 0.16329167 0.07636979 0.16684259
15 0.32069792 0.61820833 0.17894792 0.43834259
15 0.46817188 0.78038889 0.25122917 0.35440741
15 0.49440104 0.36018056 0.21159375 0.34093519
15 0.68180469 0.65707407 0.21217187 0.37098148
15 0.64216667 0.52287963 0.19702083 0.36372222
15 0.46904688 0.61613889 0.12357292 0.1772037
15 0.3667474 0.44463889 0.14280729 0.42901852