15 0.52366406 0.11850463 0.15242187 0.15071296
15 0.83510677 0.40836574 0.09443229 0.20932407
15 0.51014063 0.52701852 0.25122917 0.19792593
15 0.36033594 0.43271759 0.12998438 0.26010185
15 0.14845052 0.39956019 0.06645313 0.33263889
15 0.23296875 0.37572685 0.11308333 0.2414537
15 0.25482813 0.21715278 0.14164583 0.14606481
15 0.39676562 0.21613889 0.20751042 0.18962963
15 0.54132552 0.33323611 0.20984896 0.19586111
15 0.70483073 0.40422222 0.24540104 0.27357407
15 0.74097135 0.24618981 0.16029687 0.18134259
15 0.58446094 0.20318519 0.14805729 0.16787037
15 0.25453646 0.73219907 0.29611458 0.34093519
15 0.25453906 0.59334259 0.15039063 0.16683333
15 0.27697917 0.51458333 0.10783333 0.24144444
15 0.71473698 0.68609259 0.34332813 0.34403704
15 0.57804687 0.82131944 0.16670833 0.31606481
15 0.42678646 0.74930093 0.21042708 0.33160185