15 0.69142448 0.85703241 0.32817187 0.28593519
15 0.56260156 0.57572685 0.20926562 0.21243519
15 0.58621094 0.70681019 0.16204687 0.11191667
15 0.70861719 0.55966204 0.13640104 0.32747222
15 0.80159115 0.59748611 0.13465104 0.31606481
15 0.7995625 0.34049537 0.17139583 0.29326852
15 0.63051042 0.27313426 0.18653125 0.23108333
15 0.52150781 0.41665741 0.10375521 0.23212963
15 0.61710156 0.43479167 0.08976562 0.13782407
15 0.59553125 0.11406481 0.16320833 0.16994444
15 0.45243229 0.13271759 0.15213542 0.08497222
15 0.46408594 0.27054167 0.18359896 0.23419444
15 0.43523698 0.42132407 0.15272396 0.19792593
15 0.32885677 0.29178241 0.09151563 0.23730556
15 0.25133333 0.30940278 0.08335417 0.26425
15 0.24777604 0.6099213 0.11658333 0.45906481
15 0.35940104 0.57727778 0.18011458 0.35025926
15 0.38039844 0.759625 0.18014062 0.48075
15 0.51276302 0.83889815 0.17953646 0.3222037