4 0.04273177 0.77493056 0.06890104 0.21365741
4 0.07264583 0.55883333 0.08010417 0.20114815
4 0.10504167 0.37768056 0.08363542 0.16136111
4 0.15186719 0.23631944 0.08422396 0.12156481
4 0.3103099 0.21433333 0.11368229 0.14461111
4 0.48848438 0.19501389 0.13076042 0.13508333
4 0.62925521 0.20647685 0.12133333 0.13497222
4 0.78221875 0.22778704 0.10602083 0.13507407
4 0.8728099 0.2520787 0.08422396 0.12984259
4 0.9258099 0.40391204 0.07953646 0.1654537
4 0.96027865 0.60438426 0.07421354 0.19800926
4 0.97278646 0.79653241 0.05442708 0.20932407