4 0.15198438 0.25150463 0.08422917 0.13517593
4 0.26330729 0.25202778 0.1125 0.15088889
4 0.417625 0.23317593 0.12663542 0.1487963
4 0.42292708 0.43532407 0.15490625 0.2157037
4 0.20706771 0.4640463 0.12253125 0.20642593
4 0.08955208 0.44050926 0.08658333 0.17811111
4 0.03506771 0.69234259 0.06596875 0.20011111
4 0.14874479 0.73946296 0.12251042 0.26083333
4 0.39951302 0.80283333 0.18504688 0.31937037
4 0.6010026 0.22124537 0.12859896 0.1544537
4 0.76077083 0.24655093 0.10160417 0.1544537
4 0.87415885 0.26488426 0.08196354 0.14569444
4 0.93796354 0.47255093 0.07608333 0.16317593
4 0.96910417 0.7129537 0.06179167 0.20418519
4 0.869 0.75483796 0.113875 0.26526852
4 0.81648177 0.45597222 0.12074479 0.19633333
4 0.64444531 0.44943056 0.14872396 0.21291667
4 0.66383073 0.79314352 0.17572396 0.29930556