4 0.14620052 0.25867593 0.08180729 0.1367037
4 0.25009635 0.24304167 0.10798438 0.14906481
4 0.20285156 0.45610648 0.12148438 0.20287963
4 0.07952865 0.52082407 0.08017188 0.18833333
4 0.04414844 0.81532407 0.06913021 0.21596296
4 0.16604167 0.83350463 0.12720833 0.26832407
4 0.78722917 0.24223148 0.10055208 0.13635185
4 0.87806771 0.27040741 0.08248958 0.13574074
4 0.83648437 0.5079537 0.1179375 0.21209259
4 0.94266146 0.4949213 0.07873958 0.1775463
4 0.97465365 0.82063426 0.05069271 0.21087963
4 0.86399219 0.84093056 0.12100521 0.26480556