4 0.15164063 0.24166204 0.08491667 0.13350926
4 0.30929948 0.21299537 0.11681771 0.14493519
4 0.48845573 0.19689815 0.12859896 0.14398148
4 0.62849219 0.20632407 0.12467188 0.13787037
4 0.78295833 0.22612963 0.10111458 0.13088889
4 0.87302604 0.25231019 0.0839375 0.13437963
4 0.97425781 0.79868519 0.05148437 0.20601852
4 0.81942708 0.86834259 0.13841667 0.26331481
4 0.55314844 0.85656481 0.19290104 0.28687037
4 0.32245573 0.85481944 0.17326563 0.29036111
4 0.15630469 0.85326852 0.11583854 0.27487037
4 0.04660417 0.79083333 0.06920833 0.22172222