4 0.1661224 0.52216667 0.11371354 0.21531481
4 0.31513802 0.501375 0.15270312 0.22730556
4 0.34077083 0.30828241 0.13191667 0.17269444
4 0.47285417 0.20890278 0.13157292 0.14119444
4 0.45864063 0.36990741 0.15270833 0.203
4 0.59310937 0.30719444 0.13872917 0.17451852
4 0.60827865 0.51564815 0.16293229 0.24724074
4 0.45369792 0.59927315 0.17690625 0.26541667
4 0.28565365 0.75015741 0.15714062 0.28722222
4 0.4381875 0.88231944 0.19429167 0.23536111
4 0.61567448 0.79972222 0.18133854 0.30359259
4 0.75808594 0.53715741 0.14077604 0.23087037