4 0.03748438 0.55543519 0.06290625 0.18974074
4 0.117 0.52294907 0.10178125 0.19237963
4 0.10816406 0.37279167 0.08552604 0.15593519
4 0.14597917 0.23143056 0.08764583 0.1295463
4 0.20358333 0.28169444 0.10248958 0.15216667
4 0.3081901 0.20315741 0.11238021 0.14337037
4 0.35766667 0.31499074 0.13358333 0.19362963
4 0.22973438 0.40420833 0.13076042 0.19363889
4 0.86163802 0.22987963 0.08344271 0.12914815
4 0.9019375 0.37028241 0.08196875 0.16317593
4 0.81014844 0.3083287 0.09964063 0.16317593
4 0.85797917 0.50510648 0.11185417 0.20071296
4 0.95617188 0.52081019 0.073625 0.1640463
4 0.97710417 0.7175787 0.04579167 0.19982407
4 0.90709115 0.71016204 0.10405729 0.23560185
4 0.79321615 0.77037037 0.14332812 0.28098148
4 0.63761979 0.72630556 0.17473958 0.29581481
4 0.73652344 0.49462963 0.13989063 0.21988889