4 0.16551302 0.25164815 0.09118229 0.13638889
4 0.08541146 0.46601389 0.07925 0.17426852
4 0.04422396 0.71118056 0.06959375 0.20406481
4 0.1799974 0.73417593 0.13151562 0.26107407
4 0.44027344 0.8508287 0.19116146 0.29834259
4 0.69202604 0.79033333 0.17042708 0.29207407
4 0.90888281 0.77809722 0.09884896 0.23693519
4 0.92728646 0.52539815 0.08453125 0.19209259
4 0.87747396 0.29835185 0.08332292 0.14812963
4 0.67986979 0.18759722 0.11551042 0.13339815
4 0.47310417 0.16800463 0.12332292 0.13713889
4 0.34753125 0.21641667 0.11977083 0.14138889