4 0.05921875 0.48642593 0.07244792 0.16859259
4 0.13808594 0.3692037 0.09424479 0.16974074
4 0.16105469 0.23202778 0.08717188 0.12575926
4 0.23497656 0.26082407 0.10896354 0.15403704
4 0.35101042 0.2137037 0.12428125 0.13937037
4 0.47204948 0.16715741 0.12133854 0.13403704
4 0.5883776 0.23836574 0.13134896 0.14869444
4 0.68497656 0.18810185 0.11485937 0.13822222
4 0.79423177 0.24935648 0.10601562 0.1455463
4 0.88817969 0.29649537 0.08186979 0.14349074
4 0.92558594 0.52527315 0.08481771 0.19476852
4 0.94708333 0.80218519 0.08069792 0.23151852
4 0.84989583 0.74255093 0.12663542 0.25863889
4 0.69233854 0.79333796 0.16845833 0.29110185
4 0.04590365 0.71375463 0.06773437 0.20941667
4 0.1478125 0.77705093 0.11958333 0.26921296
4 0.28032031 0.68705093 0.15842187 0.27958333
4 0.44053906 0.8495463 0.19378646 0.30090741