4 0.1626849 0.23031944 0.08442187 0.12652778
4 0.17166927 0.41199074 0.10405729 0.18848148
4 0.06073958 0.47831019 0.073625 0.17276852
4 0.04576823 0.71435185 0.06724479 0.20331481
4 0.14761719 0.76975926 0.11093229 0.2582963
4 0.28308854 0.69602778 0.15805208 0.27661111
4 0.28750521 0.45693519 0.14332292 0.2102963
4 0.32011719 0.25797685 0.12216146 0.1544537
4 0.47326302 0.16887037 0.12393229 0.14107407
4 0.60722135 0.29852315 0.13661979 0.17015741
4 0.68452865 0.18668981 0.11371354 0.12871296
4 0.78678646 0.32921296 0.11697917 0.17088889
4 0.88597396 0.29721759 0.07976042 0.14325
4 0.92667448 0.51718519 0.08344271 0.18614815
4 0.86020833 0.69497685 0.11657292 0.24069444
4 0.68759635 0.5684537 0.15666146 0.24796296
4 0.53155208 0.74587963 0.184875 0.29740741
4 0.44728906 0.44868519 0.15952604 0.22905556