4 0.19113542 0.26829167 0.09714583 0.13876852
4 0.19123438 0.40872222 0.1141875 0.17942593
4 0.14879687 0.60990278 0.11180208 0.22184259
4 0.20204167 0.80790741 0.13055208 0.27996296
4 0.34410938 0.80838889 0.17452083 0.30964815
4 0.52278906 0.78912037 0.18645312 0.31025926
4 0.69117448 0.87153241 0.17758854 0.25693519
4 0.74809896 0.63944907 0.14759375 0.26056481
4 0.81995312 0.48237963 0.11930208 0.203
4 0.70889844 0.35918056 0.13327604 0.19087963
4 0.68367448 0.20253704 0.11759896 0.13331481
4 0.48359115 0.185875 0.12646354 0.14239815
4 0.57572656 0.29331481 0.13941146 0.1727037
4 0.5974375 0.55187963 0.16190625 0.25753704
4 0.43411979 0.51085648 0.1639375 0.25130556
4 0.27964062 0.50875926 0.14372917 0.22925926
4 0.29280469 0.28825 0.11977604 0.15738889
4 0.41021094 0.31472222 0.13989063 0.18011111