15 0.0651875 0.4635787 0.07554167 0.15221296
15 0.15072135 0.67189352 0.12591146 0.28500926
15 0.39246354 0.67338426 0.179625 0.36858333
15 0.62455208 0.72188426 0.27615625 0.25069444
15 0.86167448 0.75769907 0.13261979 0.22084259
15 0.97028906 0.76068056 0.05942187 0.21189815
15 0.81844531 0.30480556 0.13849479 0.23427778
15 0.83019792 0.48536574 0.1385 0.19847222
15 0.64511719 0.4450787 0.19305729 0.23726852
15 0.59978906 0.28391667 0.12086979 0.19846296
15 0.39246354 0.19363426 0.18634375 0.20891667
15 0.22122917 0.27197685 0.06883333 0.18950926