3 0.05055729 0.68781019 0.096125 0.28662037
3 0.08307292 0.43775926 0.10178125 0.22127778
3 0.13219531 0.24552778 0.10248437 0.18605556
3 0.2714375 0.20906481 0.14065625 0.18107407
3 0.42622656 0.17074074 0.16609896 0.18735185
3 0.6099974 0.18778704 0.16185937 0.1835
3 0.75948698 0.20096296 0.13711979 0.17214815
3 0.87398698 0.22483333 0.10743229 0.17214815
3 0.93335938 0.41331481 0.11026042 0.20733333
3 0.96738802 0.67530556 0.06522396 0.26638889
3 0.82946094 0.42022685 0.15691146 0.24376852
3 0.86409115 0.7219213 0.15691146 0.33926852
3 0.64498177 0.41960185 0.19649479 0.28524074
3 0.67254948 0.74127778 0.22758854 0.40335185
3 0.40361719 0.78143519 0.25234896 0.39842593
3 0.42870052 0.41011574 0.20779688 0.28410185
3 0.21665885 0.42644907 0.15267187 0.2539537
3 0.18661719 0.73304167 0.17599479 0.33687963