15 0.21535417 0.27346759 0.07554167 0.18652778
15 0.3945599 0.19065278 0.18550521 0.21786111
15 0.59810937 0.27272222 0.12255208 0.20294444
15 0.64427604 0.44656944 0.191375 0.23726852
15 0.82096615 0.29808796 0.13681771 0.23278704
15 0.83145833 0.48088889 0.13597917 0.18951852
15 0.96902865 0.75173148 0.06194271 0.20592593
15 0.86125521 0.76217593 0.13345833 0.22681481
15 0.6258099 0.724125 0.27531771 0.26113889
15 0.39245833 0.67935648 0.17961458 0.37752778
15 0.15282031 0.67114815 0.11331771 0.28053704
15 0.06342708 0.46522222 0.07386458 0.1522037