15 0.14576563 0.23489815 0.07273958 0.15294444
15 0.39135677 0.2056713 0.19585937 0.22010185
15 0.56133073 0.15655556 0.13849479 0.13181481
15 0.71136979 0.21437963 0.1238125 0.16538889
15 0.90372656 0.26474074 0.10561979 0.18403704
15 0.94394792 0.49789815 0.09932292 0.14798148
15 0.96952604 0.75841667 0.06094792 0.21637037
15 0.74529427 0.8535463 0.19865104 0.26487037
15 0.49977865 0.87983333 0.30077604 0.24033333
15 0.2224349 0.87175 0.17138021 0.2565
15 0.06435156 0.46308333 0.07204687 0.16290741
15 0.03690104 0.767125 0.07380208 0.20891667