15 0.14904167 0.23168981 0.0721875 0.15071296
15 0.39623958 0.19886111 0.18382292 0.22831481
15 0.56285417 0.1563287 0.13597917 0.13728704
15 0.71310417 0.21154167 0.12758333 0.16115741
15 0.90448438 0.26376852 0.10408333 0.191
15 0.94351302 0.4987963 0.10492188 0.1537037
15 0.96777083 0.76366667 0.06445833 0.22085185
15 0.74709896 0.85693056 0.20229167 0.27606481
15 0.49864323 0.88332407 0.29294271 0.23335185
15 0.2237474 0.873625 0.16955729 0.25275
15 0.06132812 0.46745833 0.07134375 0.16563889
15 0.03716927 0.76366667 0.07433854 0.20592593