15 0.38226562 0.36111574 0.13010417 0.25243519
15 0.21606771 0.60298148 0.20075 0.30714815
15 0.40849479 0.64152778 0.14339583 0.31337037
15 0.41234115 0.90967593 0.24061979 0.18064815
15 0.74564323 0.85106481 0.19795313 0.24746296
15 0.62113802 0.63531019 0.12800521 0.36310185
15 0.76977604 0.58681481 0.09653125 0.30590741
15 0.74564323 0.34121759 0.09582813 0.20269444
15 0.71241927 0.19572222 0.12591146 0.12311111
15 0.56342969 0.1522037 0.13290104 0.13305556
15 0.59386458 0.36733333 0.11122917 0.30714815
15 0.40254687 0.20753704 0.167875 0.18901852