15 0.76173177 0.21188889 0.11541146 0.13305556
15 0.80021354 0.44319444 0.15040625 0.19027778
15 0.6662526 0.53520833 0.17067188 0.18776852
15 0.4924375 0.62474074 0.20633333 0.19274074
15 0.31686198 0.72422222 0.20215104 0.21512963
15 0.13884375 0.79821296 0.20144792 0.28103704
15 0.07798958 0.54142593 0.1203125 0.21512963
15 0.1843099 0.41706944 0.14549479 0.20269444
15 0.35638281 0.30329167 0.20704687 0.22632407
15 0.52635677 0.26412037 0.12310938 0.17285185
15 0.64596875 0.24669444 0.1315 0.16542593