15 0.2612526 0.16837037 0.11751562 0.13305556
15 0.15458073 0.26784722 0.09023438 0.1355463
15 0.25915625 0.33002778 0.13989583 0.22507407
15 0.39450521 0.19883333 0.1895625 0.20890741
15 0.58266406 0.31510648 0.15039062 0.17036111
15 0.73340365 0.44380556 0.16507812 0.21388889
15 0.8774974 0.61168519 0.11891146 0.2312963
15 0.96672656 0.73106019 0.06654687 0.26113889
15 0.68932812 0.82511574 0.21821875 0.34976852
15 0.51726302 0.66950463 0.22663021 0.31710185
15 0.35638281 0.48173611 0.17067188 0.23502778