3 0.08695833 0.57239352 0.10955208 0.25130556
3 0.16294271 0.35193519 0.13076042 0.19614815
3 0.25447135 0.18795833 0.13711979 0.17478704
3 0.33045573 0.29978704 0.16609896 0.23007407
3 0.44884635 0.14215741 0.16115104 0.16335185
3 0.49301823 0.32114815 0.18589062 0.2552037
3 0.61423698 0.18048148 0.15691146 0.1822037
3 0.67042969 0.39912037 0.18589063 0.27266667
3 0.83157813 0.39974537 0.15903125 0.24125
3 0.91957813 0.37134722 0.1053125 0.20858333
3 0.75842708 0.20435648 0.13570833 0.18471296
3 0.9178099 0.64225926 0.12793229 0.27392593
3 0.75948698 0.65482407 0.18447396 0.35183333
3 0.58879167 0.80064815 0.26222917 0.3987037
3 0.30571615 0.832375 0.22971354 0.33525
3 0.41138281 0.57063426 0.23748438 0.33173148
3 0.22160937 0.533375 0.17728125 0.27547222
3 0.13060417 0.794125 0.13664583 0.35717593