15 0.09815365 0.52691667 0.19630729 0.32124074
15 0.14821875 0.61396296 0.1125 0.28394444
15 0.40673438 0.19064352 0.15388542 0.13782407
15 0.43383854 0.36681481 0.23025 0.20414815
15 0.36563802 0.41292593 0.16029687 0.54092593
15 0.25226562 0.59375463 0.19702083 0.49637963
15 0.48921354 0.69219907 0.18478125 0.20828704
15 0.53264062 0.85593519 0.26580208 0.15233333
15 0.76521875 0.59634722 0.24947917 0.37926852
15 0.79727865 0.35178704 0.11891146 0.25077778
15 0.87829948 0.43313426 0.11891146 0.29534259
15 0.68767969 0.65439352 0.25995313 0.39380556
15 0.87567708 0.71085185 0.166125 0.37616667