3 0.0801849 0.37487963 0.09284896 0.20942593
3 0.1792526 0.36361111 0.13252604 0.23124074
3 0.21688021 0.59157407 0.18079167 0.31777778
3 0.32997917 0.35924537 0.17629167 0.24141667
3 0.41178385 0.63738889 0.23355729 0.34103704
3 0.51056771 0.36542593 0.20369792 0.25668519
3 0.43632813 0.18326852 0.16565625 0.18761111
3 0.59617188 0.18872222 0.16932292 0.17161111
3 0.69667708 0.37669907 0.17588542 0.26032407
3 0.84719792 0.37997222 0.14070833 0.22905556
3 0.94659375 0.39051389 0.09489583 0.19778704
3 0.64166146 0.63411574 0.22373958 0.36649074