15 0.27400521 0.031125 0.13872917 0.06225
15 0.4809375 0.03097222 0.15796875 0.06194444
15 0.73945573 0.11299074 0.27571354 0.22598148
15 0.8773099 0.08784722 0.10433854 0.14300926
15 0.8114375 0.36089815 0.377125 0.40931481
15 0.8314375 0.72683333 0.23019792 0.27855556
15 0.34896875 0.64028704 0.24691667 0.27481481
15 0.38835156 0.38113426 0.19305729 0.29099074
15 0.45934635 0.13118981 0.24551563 0.21139815
15 0.20613542 0.12683796 0.17696875 0.12808333
15 0.08019271 0.18652315 0.15326042 0.2474537
15 0.14664323 0.32268519 0.14485937 0.17409259
15 0.09589844 0.50175463 0.19179688 0.34321296