15 0.76220052 0.60318519 0.32236979 0.32331481
15 0.96666406 0.79188889 0.06667187 0.22694444
15 0.76726042 0.89568519 0.19702083 0.20862963
15 0.92698437 0.43800463 0.10728125 0.26528704
15 0.8634375 0.24162963 0.11075 0.14403704
15 0.71741406 0.32038889 0.24191146 0.25803704
15 0.48597917 0.20173611 0.14054167 0.12849074
15 0.45919531 0.34422222 0.22092187 0.22487037
15 0.40964844 0.6115787 0.15563021 0.26217593
15 0.38370833 0.85665741 0.1946875 0.20933333
15 0.28895833 0.18930093 0.12421875 0.10776852
15 0.22836719 0.31676389 0.17661979 0.14093519
15 0.10621875 0.33386111 0.14928125 0.24974074
15 0.1858151 0.52401389 0.13698437 0.18030556
15 0.16278906 0.72556944 0.18885937 0.28497222
15 0.04175781 0.59603241 0.08351562 0.23730556
15 0.03884375 0.81468981 0.0776875 0.16062037