15 0.13382031 0.31303241 0.15097396 0.29430556
15 0.26173698 0.29531019 0.10265104 0.19793519
15 0.43794792 0.28099537 0.10735417 0.31087963
15 0.58024219 0.327625 0.18024479 0.35750926
15 0.72138281 0.26372222 0.10783854 0.23488889
15 0.87196615 0.26501389 0.12338021 0.33247222
15 0.93581771 0.5219213 0.10157292 0.15371296
15 0.9439974 0.73910648 0.11200521 0.30656481
15 0.80784896 0.7956713 0.12435417 0.31260185
15 0.59703125 0.79550926 0.19235417 0.40898148
15 0.42386198 0.74558796 0.16855729 0.29878704
15 0.30728125 0.79265278 0.09471875 0.34628704
15 0.20597656 0.63677315 0.12148438 0.31780556
15 0.10202604 0.63720833 0.07582292 0.28928704
15 0.03086458 0.64713889 0.05008333 0.25561111