15 0.68215365 0.35852315 0.13115104 0.28082407
15 0.72207552 0.56474537 0.20866146 0.23523148
15 0.82059375 0.45852315 0.12357292 0.16373148
15 0.83604167 0.31966204 0.15913542 0.28808333
15 0.89549479 0.2020463 0.1125 0.17927778
15 0.90686458 0.37665741 0.12823958 0.32746296
15 0.78095573 0.69531019 0.12357812 0.37202778
15 0.37409115 0.30722685 0.12823438 0.16580556
15 0.33824479 0.49012963 0.09734375 0.22072222
15 0.59297135 0.39064815 0.13581771 0.24974074
15 0.26246354 0.29427315 0.09851042 0.19586111
15 0.13364323 0.31240741 0.14514062 0.27772222
15 0.12285938 0.65593056 0.19352083 0.38860185
15 0.46415104 0.63261574 0.21042708 0.27563889
15 0.56703125 0.85075 0.18069792 0.29740741