3 0.14197396 0.65134722 0.14489583 0.30156481
3 0.1353151 0.41239815 0.12074479 0.22512963
3 0.2744974 0.27490741 0.14843229 0.20627778
3 0.43647396 0.22150463 0.17552083 0.21047222
3 0.6065651 0.22459259 0.17257812 0.19266667
3 0.77026302 0.23490741 0.13605729 0.18011111
3 0.89807812 0.33281481 0.11132292 0.2
3 0.93371094 0.55113889 0.11308854 0.24292593
3 0.89071354 0.79144907 0.13429167 0.32775
3 0.72608854 0.8185 0.20791667 0.363
3 0.49578646 0.81378704 0.24796875 0.37242593
3 0.26283594 0.83054167 0.21910937 0.33891667