3 0.11075521 0.71977315 0.1360625 0.31110185
3 0.18290625 0.42187037 0.14254167 0.2597963
3 0.23650781 0.20475 0.13017187 0.1665
3 0.42469271 0.19427778 0.17198958 0.2
3 0.64297135 0.19061574 0.16541146 0.17975
3 0.81181771 0.20065278 0.12123958 0.16317593
3 0.8676276 0.42761574 0.12908854 0.22775
3 0.67497396 0.4167037 0.19142708 0.28796296
3 0.39789583 0.4529213 0.20860417 0.3010463
3 0.38871615 0.80255093 0.23707812 0.39489815
3 0.6947526 0.79183796 0.21891146 0.39267593
3 0.91842969 0.7583287 0.12761979 0.29756481