15 0.89316667 0.20463426 0.1125 0.19275
15 0.89811979 0.37199537 0.13989583 0.34508333
15 0.83108594 0.32587963 0.15621354 0.2942963
15 0.7491875 0.52484259 0.2570625 0.27564815
15 0.77920833 0.76422222 0.12123958 0.24040741
15 0.68186198 0.35800463 0.13406771 0.27358333
15 0.59180469 0.39116204 0.13815104 0.26321296
15 0.56295573 0.84893519 0.18768229 0.30212963
15 0.45890365 0.63624537 0.22208854 0.28289815
15 0.33940625 0.49219907 0.09851042 0.21865741
15 0.37613281 0.30670833 0.13581771 0.16269444
15 0.25896875 0.29634722 0.09617708 0.18341667
15 0.13510156 0.311375 0.14805729 0.28600926
15 0.12606771 0.65697222 0.18594792 0.37616667