15 0.89759635 0.23323611 0.13523438 0.24560185
15 0.89060156 0.358625 0.16438021 0.25387963
15 0.93539063 0.75551852 0.12921875 0.32435185
15 0.74196094 0.62805556 0.19934896 0.20622222
15 0.60760156 0.36536111 0.18245312 0.21761111
15 0.59095833 0.55396759 0.13529167 0.41243519
15 0.49451823 0.84071296 0.29785938 0.31857407
15 0.44176563 0.59178241 0.17254167 0.16269444
15 0.37324479 0.27002778 0.13704167 0.12435185
15 0.39775781 0.43064352 0.14280729 0.23834259
15 0.31382031 0.4430787 0.09268229 0.2155463
15 0.21819271 0.61768981 0.20582292 0.18963889
15 0.08791667 0.71095833 0.11663542 0.30776852
15 0.21877604 0.38763889 0.12071875 0.22487037
15 0.13396615 0.31199074 0.14461979 0.27668519