15 0.69853385 0.22774537 0.09093229 0.22487963
15 0.1191901 0.34743519 0.14269271 0.41037037
15 0.07728906 0.71203241 0.10492187 0.38425
15 0.34064583 0.19597222 0.09303125 0.13057407
15 0.30951823 0.35141667 0.08953646 0.18031481
15 0.26719792 0.57773611 0.13360417 0.36684259
15 0.47459635 0.77980556 0.16647396 0.39792593
15 0.49403906 0.384 0.15099479 0.5232963
15 0.77810156 0.40080093 0.11716146 0.26839815
15 0.80666146 0.74847222 0.12998958 0.46838889
15 0.89963542 0.24587963 0.14805208 0.26527778
15 0.93140365 0.44069907 0.12182813 0.25699074
15 0.95827083 0.73707407 0.08345833 0.3772037