15 0.89293229 0.267125 0.04721875 0.17099074
15 0.9559375 0.72930093 0.088125 0.3699537
15 0.70144792 0.23396296 0.09792708 0.22694444
15 0.93553646 0.46660648 0.12892708 0.25284259
15 0.77868229 0.40494444 0.11366667 0.27461111
15 0.8054974 0.74121759 0.13231771 0.44767593
15 0.59215104 0.51943519 0.19878125 0.53683333
15 0.44934375 0.80598611 0.11833333 0.36165741
15 0.48927344 0.27334259 0.13523437 0.27875926
15 0.33655208 0.21014352 0.09442708 0.13158333
15 0.31177865 0.34950926 0.09151563 0.19481481
15 0.2689349 0.59458333 0.14689063 0.36787037
15 0.12000521 0.27489352 0.12998958 0.26736111
15 0.10659635 0.45468981 0.10433854 0.20828704
15 0.04219792 0.67852315 0.05127083 0.2414537
15 0.10368229 0.79976389 0.08685417 0.26010185