15 0.91809635 0.705 0.10889062 0.20653704
15 0.85055469 0.27365278 0.09151563 0.18341667
15 0.80017969 0.31215278 0.08783854 0.19213889
15 0.65417187 0.28077778 0.07327083 0.20581481
15 0.42728646 0.23148611 0.08419792 0.19789815
15 0.27121875 0.20485648 0.09921875 0.30728704
15 0.16030469 0.28977315 0.07816146 0.19213889
15 0.15769531 0.64418981 0.29306771 0.24899074
15 0.40540625 0.6269213 0.20325 0.21300926
15 0.6110599 0.67657407 0.21858854 0.20868519
15 0.79402865 0.70031944 0.17810938 0.23315741