15 0.27220833 0.20767593 0.10055208 0.31001852
15 0.85073958 0.27796759 0.09471875 0.17443519
15 0.79754948 0.31302778 0.09131771 0.19257407
15 0.65400781 0.28064815 0.08111979 0.2107037
15 0.43129167 0.22797222 0.08160417 0.19516667
15 0.16072917 0.28841667 0.0786875 0.18825926
15 0.06600781 0.63816204 0.07285938 0.23143519
15 0.18865885 0.67226852 0.14329687 0.49309259
15 0.38830469 0.71760648 0.14329687 0.38169444
15 0.62972135 0.73487037 0.09860937 0.37822222
15 0.81041146 0.73962037 0.09571875 0.37390741
15 0.94861719 0.68177315 0.07092188 0.26165741