15 0.06684375 0.63790278 0.07344792 0.23730556
15 0.27377604 0.21147685 0.09909375 0.30673148
15 0.42823698 0.22961111 0.08508854 0.20622222
15 0.65265885 0.2777963 0.07810938 0.20518519
15 0.85259635 0.27831481 0.09209896 0.18135185
15 0.79867708 0.3135463 0.08685417 0.19377778
15 0.94702604 0.6814213 0.07344792 0.25802778
15 0.16273177 0.29334259 0.07752604 0.19481481
15 0.80421615 0.73479167 0.10492188 0.35647222
15 0.62963542 0.73064815 0.09501042 0.37098148
15 0.38772917 0.7135463 0.14164583 0.38031481
15 0.1892526 0.67987037 0.13756771 0.49948148