15 0.9548125 0.55325 0.06341667 0.24227778
15 0.97917969 0.72236111 0.04164063 0.25966667
15 0.83646875 0.25513889 0.09076042 0.12418519
15 0.91236719 0.29651389 0.09107813 0.16491667
15 0.56840104 0.25953241 0.172375 0.16191667
15 0.17166146 0.2345463 0.116375 0.09475926
15 0.15627865 0.32018519 0.08905729 0.11394444
15 0.33641146 0.25469444 0.14235417 0.14212963
15 0.39389323 0.31226852 0.21386979 0.47435185
15 0.39915625 0.45547222 0.20441667 0.406
15 0.26314323 0.57709259 0.12885938 0.25666667
15 0.04222396 0.55087963 0.0784375 0.1907037