15 0.9548125 0.55325 0.06341667 0.24227778
15 0.97917969 0.72236111 0.04164063 0.25966667
15 0.83646875 0.25513889 0.09076042 0.12418519
15 0.91236719 0.29651389 0.09107813 0.16491667
15 0.17166146 0.2345463 0.116375 0.09475926
15 0.1550651 0.32018519 0.08905729 0.11394444
15 0.85294271 0.45532407 0.11536458 0.33894444
15 0.89868229 0.42725926 0.07771875 0.28640741
15 0.19515365 0.45460648 0.10565104 0.34110185
15 0.10609896 0.52585185 0.07529167 0.23675926
15 0.0895026 0.68489352 0.05909896 0.25475
15 0.05104687 0.60356944 0.04290625 0.21876852
15 0.02572656 0.7107963 0.05145313 0.27418519