15 0.33547917 0.25668056 0.14235417 0.14212037
15 0.39316146 0.31425 0.21386458 0.47435185
15 0.40058333 0.45577778 0.20441667 0.406
15 0.17372917 0.23299537 0.116375 0.09475
15 0.15534635 0.32114815 0.08905729 0.11394444
15 0.03921875 0.54783333 0.0784375 0.1907037
15 0.26463802 0.57421759 0.12885937 0.25667593
15 0.56873958 0.259375 0.172375 0.16191667
15 0.84029687 0.2555 0.09076042 0.12418519
15 0.91365885 0.29386111 0.09107813 0.16490741
15 0.95582292 0.55142593 0.06341667 0.24227778
15 0.97723698 0.71963889 0.04552604 0.25966667