15 0.11178646 0.51456019 0.11317708 0.38600926
15 0.17240885 0.45963426 0.12969271 0.25215741
15 0.3000651 0.46220833 0.15106771 0.34280556
15 0.32023958 0.25518056 0.13115625 0.13212037
15 0.45341667 0.23791204 0.149125 0.10708333
15 0.42144792 0.41419907 0.0923125 0.26623148
15 0.50464062 0.42139352 0.10484375 0.38715741
15 0.6116901 0.2494213 0.08889063 0.18393519
15 0.58902344 0.45883333 0.11415104 0.28151852
15 0.68738542 0.34585185 0.1044375 0.1752963
15 0.74486719 0.34225463 0.07285937 0.16334259
15 0.79829948 0.43149074 0.08549479 0.27892593
15 0.70884115 0.54375 0.08792188 0.25388889
15 0.77079167 0.54625 0.06395833 0.26553704
15 0.8398099 0.42283333 0.07083854 0.30944444
15 0.89971875 0.49227778 0.11375 0.3662963
15 0.68963021 0.80963426 0.19065625 0.25402778
15 0.81572396 0.79991667 0.14815625 0.27777778
15 0.86713542 0.75745833 0.13601042 0.38284259
15 0.21298958 0.74630556 0.18863542 0.20222222
15 0.40485937 0.69053241 0.23154167 0.35262037