15 0.11234896 0.51052315 0.11317708 0.38600926
15 0.17306771 0.45655093 0.12969792 0.25215741
15 0.3028099 0.43902315 0.15106771 0.30656481
15 0.32632292 0.50750463 0.08355208 0.26425
15 0.32195052 0.25231944 0.13115104 0.13212037
15 0.45528906 0.23893981 0.14913021 0.10708333
15 0.42225781 0.41725926 0.08985937 0.26338889
15 0.5055651 0.42789352 0.10880729 0.38893519
15 0.59086198 0.455 0.11415104 0.28151852
15 0.61320573 0.25508796 0.08889063 0.18393519
15 0.68553646 0.34904167 0.1044375 0.17530556
15 0.74406771 0.3437963 0.07286458 0.16333333
15 0.77175781 0.53860648 0.07092187 0.2694537
15 0.71127865 0.55240741 0.08792187 0.25388889
15 0.79604427 0.427625 0.08549479 0.27893519
15 0.84179167 0.42862963 0.07754167 0.31837037
15 0.89829427 0.49239352 0.10152604 0.37391667
15 0.86745052 0.7540463 0.13503646 0.37046296
15 0.81741667 0.8037037 0.14086458 0.2867037
15 0.68995573 0.8168287 0.19381771 0.26943519
15 0.40938542 0.69316667 0.23510417 0.34542593
15 0.20925781 0.74238889 0.18167187 0.20898148