15 0.15990365 0.30962037 0.16321354 0.30924074
15 0.2395651 0.29148611 0.16709896 0.22634259
15 0.33599219 0.33939352 0.11707812 0.22897222
15 0.48909635 0.32460185 0.12726563 0.33333333
15 0.58323698 0.2336713 0.08889063 0.19171296
15 0.67358594 0.4409213 0.11415104 0.27287963
15 0.73551823 0.26518981 0.18944271 0.16321296
15 0.84190625 0.48153241 0.10202083 0.28156481
15 0.80667969 0.49446296 0.09957813 0.27288889
15 0.8768724 0.29670833 0.08160938 0.12780556
15 0.92748698 0.27969444 0.05489063 0.15025926
15 0.94110677 0.50870833 0.11778646 0.34628704
15 0.96855208 0.78245833 0.06289583 0.23056481
15 0.88002865 0.7643287 0.10346354 0.28756481
15 0.77520573 0.82028704 0.11852604 0.30742593
15 0.6189375 0.82581481 0.09909375 0.34837037
15 0.45378385 0.71165278 0.14280729 0.39984259
15 0.32894531 0.69610185 0.12921354 0.41364815
15 0.22135156 0.60711111 0.08792187 0.34464815
15 0.13780208 0.64985648 0.10346875 0.27987963
15 0.06639583 0.67922222 0.07917708 0.17625926
15 0.09092708 0.51902778 0.11269792 0.15638889