15 0.16621875 0.26255556 0.16904167 0.1632963
15 0.13255469 0.36734722 0.09811979 0.16493519
15 0.2611849 0.33643519 0.15398437 0.25561111
15 0.4240026 0.37209722 0.19720313 0.14680556
15 0.42522135 0.16009259 0.15883854 0.11485185
15 0.45596875 0.22675926 0.15204167 0.10362963
15 0.73658594 0.26890278 0.20255729 0.17875
15 0.69617448 0.38781481 0.14960937 0.19085185
15 0.82888021 0.40448148 0.06460417 0.12003704
15 0.89435417 0.29887037 0.114625 0.15975926
15 0.78045312 0.57477315 0.16758333 0.21071296
15 0.92398958 0.50352778 0.10394792 0.19257407
15 0.94467708 0.71363426 0.11064583 0.18221296
15 0.78846615 0.86406481 0.17972396 0.14335185
15 0.46592448 0.54886574 0.18554688 0.22106481
15 0.50697135 0.73151389 0.30456771 0.20293519
15 0.0969974 0.53246296 0.11026562 0.15716667
15 0.06761198 0.67706019 0.07966146 0.15984259
15 0.21998958 0.79049537 0.18069792 0.13730556
15 0.22183854 0.54148611 0.16661458 0.13912037
15 0.25365625 0.60365741 0.22539583 0.2272037