15 0.06008073 0.64316667 0.08549479 0.25301852
15 0.10792969 0.47002778 0.11318229 0.26251852
15 0.30953385 0.18097222 0.11103646 0.10644444
15 0.2863125 0.34758333 0.10063542 0.24037037
15 0.36938021 0.30810648 0.09360417 0.30334259
15 0.42251823 0.31058333 0.08350521 0.29838889
15 0.60803906 0.28738889 0.13858854 0.24792593
15 0.7455 0.35335648 0.16557292 0.27491667
15 0.7833099 0.47981481 0.12761979 0.32883333
15 0.60073177 0.45605556 0.09079687 0.21933333
15 0.68323437 0.49603704 0.08714583 0.19035185
15 0.92026562 0.55739815 0.11648958 0.46511111
15 0.96883854 0.57163889 0.06232292 0.26866667