15 0.25429427 0.29083333 0.11923438 0.21655556
15 0.32855469 0.29978704 0.13891146 0.23612963
15 0.43010417 0.2741713 0.08339583 0.20323148
15 0.35689844 0.42164352 0.10878646 0.27586111
15 0.43026823 0.43788889 0.12621354 0.29235185
15 0.49211198 0.31719907 0.09135937 0.31984259
15 0.35563802 0.51734722 0.17877604 0.25836111
15 0.32302604 0.74073148 0.129875 0.32533333
15 0.4555651 0.72699074 0.15151562 0.37381481
15 0.59061979 0.36338889 0.11941667 0.44616667
15 0.67056771 0.43103704 0.14167708 0.41738889
15 0.74241667 0.39756944 0.200375 0.46560185
15 0.57463021 0.60015278 0.12467708 0.25475
15 0.67501823 0.77393981 0.28173438 0.3504537