15 0.10658073 0.46998148 0.11318229 0.26251852
15 0.06239063 0.64329167 0.08548958 0.25302778
15 0.30796615 0.18632407 0.11103646 0.10644444
15 0.28552083 0.34285648 0.10086458 0.23747222
15 0.36867187 0.30567593 0.09175 0.30464815
15 0.42382292 0.31197222 0.08534375 0.29924074
15 0.25719271 0.79323611 0.23040625 0.36223148
15 0.29310938 0.70926852 0.15719792 0.21109259
15 0.4130625 0.84318056 0.12683333 0.31363889
15 0.72188802 0.29956019 0.21150521 0.14752778
15 0.67564062 0.45434259 0.09242708 0.27825926
15 0.77397135 0.46933333 0.15685937 0.34901852
15 0.91647917 0.55511111 0.11648958 0.46511111
15 0.97166667 0.57009722 0.05666667 0.26865741