2 0.03636458 0.70389815 0.07272917 0.26274074
2 0.07097917 0.45149074 0.09463542 0.22337037
2 0.1269974 0.255375 0.10690104 0.1765463
2 0.23892188 0.21627315 0.13610417 0.17873148
2 0.40038021 0.18943056 0.1618125 0.17965741
2 0.20322917 0.4194537 0.14954167 0.24924074
2 0.37152344 0.43331481 0.20035937 0.28464815
2 0.16905729 0.75125 0.1653125 0.33959259
2 0.37876823 0.79955556 0.23657813 0.40088889
2 0.62995052 0.80370833 0.24125521 0.39258333
2 0.60220313 0.44800926 0.20328125 0.29181481
2 0.60161979 0.19098611 0.16589583 0.18069444
2 0.7669349 0.22162037 0.13669271 0.1755
2 0.7865599 0.43077315 0.16706771 0.25858333
2 0.84491667 0.78915741 0.17115625 0.34477778
2 0.96291146 0.74398148 0.07417708 0.27727778
2 0.93322135 0.4680463 0.10628646 0.23294444
2 0.88657031 0.26214815 0.10547396 0.17740741