15 0.10556771 0.47237963 0.11317708 0.26251852
15 0.06239063 0.64449074 0.08548958 0.25301852
15 0.30721615 0.18581481 0.11103646 0.10644444
15 0.28528906 0.35133333 0.10085938 0.23748148
15 0.36523698 0.30875463 0.09175521 0.30463889
15 0.42123437 0.31115278 0.08534375 0.29925
15 0.20315104 0.89431019 0.16232292 0.21137963
15 0.27985938 0.81920833 0.18215625 0.2439537
15 0.2986849 0.7145 0.15746354 0.20581481
15 0.41303646 0.84717593 0.11901042 0.30564815
15 0.70529948 0.8709213 0.22425521 0.25815741
15 0.76480208 0.77531019 0.19267708 0.20365741
15 0.6706875 0.31725926 0.17284375 0.24755556
15 0.71561979 0.27300463 0.1655625 0.30439815
15 0.91413021 0.43700926 0.10605208 0.23172222
15 0.94939323 0.62310648 0.10121354 0.32526852