2 0.03303646 0.71687963 0.06607292 0.26668519
2 0.13217448 0.77451389 0.14650521 0.32662037
2 0.08401302 0.46999074 0.10660937 0.23192593
2 0.12159375 0.26467593 0.10173958 0.1775
2 0.23832812 0.19349537 0.13289583 0.16702778
2 0.25010677 0.36030093 0.16113021 0.24586111
2 0.38971875 0.20301389 0.16307292 0.18778704
2 0.46940625 0.43083333 0.20932292 0.28653704
2 0.6282474 0.14373148 0.15723438 0.17827778
2 0.64221875 0.34130556 0.18497917 0.24231481
2 0.77316406 0.24394907 0.14117187 0.18952778
2 0.87782552 0.24740741 0.10611979 0.17394444
2 0.92713542 0.44749074 0.10758333 0.2302037
2 0.7931224 0.51397685 0.17038021 0.28649074
2 0.90776302 0.73852778 0.12997396 0.315
2 0.61826562 0.65388889 0.22684375 0.35568519
2 0.40403906 0.80451852 0.24704687 0.39096296