2 0.08790885 0.45181944 0.10660937 0.23019444
2 0.10523698 0.28155093 0.09686979 0.17836111
2 0.20819531 0.25515741 0.13143229 0.18961111
2 0.24603646 0.82182407 0.20769792 0.35635185
2 0.4009974 0.58956481 0.22068229 0.34327778
2 0.54560937 0.83127315 0.25880208 0.3374537
2 0.66451302 0.56691667 0.21224479 0.32366667
2 0.82417448 0.79322222 0.17574479 0.35481481
2 0.54111198 0.33455556 0.19276562 0.25096296
2 0.76917448 0.24844907 0.14263021 0.19125
2 0.89257552 0.39210648 0.11877604 0.22413889
2 0.87042448 0.22378704 0.10660938 0.16096296