2 0.03654167 0.71189352 0.07308333 0.26169444
2 0.15818229 0.78890741 0.16192708 0.34768519
2 0.37057812 0.81999537 0.23903125 0.36000926
2 0.63035937 0.81045833 0.2439375 0.37908333
2 0.85460417 0.81008796 0.15982292 0.35017593
2 0.96935938 0.74155093 0.06128125 0.27291667
2 0.87158854 0.22797222 0.10505208 0.17164815
2 0.75026823 0.21960185 0.14522396 0.17885185
2 0.55153646 0.20056019 0.17078125 0.18606481
2 0.3655026 0.20878241 0.16104688 0.18750926
2 0.20753906 0.2531713 0.13265104 0.19334259
2 0.10405469 0.28414352 0.09817187 0.18389815