2 0.10699219 0.83811111 0.13338021 0.32377778
2 0.1573724 0.52217593 0.14263021 0.27866667
2 0.19583854 0.2625463 0.12998958 0.19212963
2 0.40115885 0.23893056 0.17038021 0.21115741
2 0.62907292 0.21755556 0.16891667 0.19038889
2 0.80894271 0.23615741 0.13240625 0.17740741
2 0.86288021 0.51931944 0.13776042 0.27347222
2 0.66290625 0.51611574 0.2025 0.3115463
2 0.36002604 0.52191667 0.2049375 0.315
2 0.34235417 0.84979167 0.23901042 0.30041667
2 0.69698177 0.84806019 0.23073437 0.30387963
2 0.90167708 0.82723148 0.1358125 0.32625926