15 0.16701563 0.21632407 0.10422917 0.21709259
15 0.08942969 0.47059722 0.09175521 0.21708333
15 0.17949479 0.39083796 0.07927083 0.16491667
15 0.19619792 0.63460648 0.08197917 0.31782407
15 0.27968229 0.83521296 0.16292708 0.20209259
15 0.09483073 0.60552315 0.15247396 0.31784259
15 0.31560938 0.17404167 0.08871875 0.09175
15 0.37059635 0.22351852 0.07522396 0.09355556
15 0.27867448 0.28918519 0.09377604 0.2092963
15 0.34985938 0.34796759 0.11669792 0.22850926
15 0.36232813 0.5095787 0.12852083 0.19669444
15 0.35693229 0.66669907 0.144375 0.44856481
15 0.51748698 0.55793981 0.08500521 0.29925
15 0.59642188 0.52051852 0.1214375 0.29085185
15 0.53265365 0.20780556 0.12427604 0.20077778
15 0.67009375 0.3362963 0.1706875 0.22068519
15 0.69923958 0.275125 0.19564583 0.3070463
15 0.87289583 0.32478241 0.07589583 0.23693519
15 0.91054167 0.37443519 0.08905208 0.20635185
15 0.80610417 0.54283333 0.13391667 0.23448148
15 0.62759115 0.80549537 0.20813021 0.34487963
15 0.88785938 0.7079537 0.11982292 0.1647963
15 0.9678125 0.74896759 0.064375 0.18637963