15 0.16695052 0.21398148 0.10423438 0.21709259
15 0.17875521 0.39299074 0.07927083 0.16490741
15 0.09257031 0.4694537 0.09175521 0.21709259
15 0.19241667 0.62687037 0.0755625 0.32803704
15 0.27928125 0.83016667 0.16292708 0.20209259
15 0.30947135 0.18309722 0.11333854 0.1025463
15 0.28197917 0.35161111 0.10220833 0.23568519
15 0.36428646 0.29554167 0.0968125 0.26986111
15 0.40729427 0.31383333 0.11131771 0.30044444
15 0.36259896 0.50903241 0.12852083 0.19669444
15 0.35501042 0.66555093 0.144375 0.44856481
15 0.6699375 0.33631944 0.1706875 0.22069444
15 0.70063542 0.27694907 0.19564583 0.3070463
15 0.87216667 0.3227963 0.07589583 0.23694444
15 0.91146354 0.36987037 0.08905208 0.20635185
15 0.52252604 0.55730556 0.08501042 0.29924074
15 0.59977604 0.51712963 0.1214375 0.29085185
15 0.80638802 0.53751852 0.13392187 0.23448148
15 0.6262526 0.80734722 0.20813021 0.34487963